SampleID	Chromosome	Start_position	End_position	total_cn	A_cn	B_cn	ploidy
CBCP00262-T1	1	13300	2237665	4	2	2	NaN
CBCP00262-T1	1	2238000	12704586	3	2	1	NaN
CBCP00262-T1	1	12711267	43818300	3	2	1	NaN
CBCP00262-T1	1	43825111	48244098	4	3	1	NaN
CBCP00262-T1	1	48260410	65895600	2	1	1	NaN
CBCP00262-T1	1	66798159	107599300	4	2	2	NaN
CBCP00262-T1	1	108160300	110453100	6	5	1	NaN
CBCP00262-T1	1	110453200	114240900	5	3	2	NaN
CBCP00262-T1	1	114242250	144918900	4	2	2	NaN
CBCP00262-T1	1	144921877	151143016	5	2	3	NaN
CBCP00262-T1	1	151143300	190760600	3	2	1	NaN
CBCP00262-T1	1	190762607	249231100	5	3	2	NaN
CBCP00262-T1	2	41500	17698000	2	1	1	NaN
CBCP00262-T1	2	17698500	116535000	4	2	2	NaN
CBCP00262-T1	2	116535400	242193000	2	1	1	NaN
CBCP00262-T1	3	239347	48222200	2	2	0	NaN
CBCP00262-T1	3	48224400	53269046	3	3	0	NaN
CBCP00262-T1	3	53274450	71064802	2	2	0	NaN
CBCP00262-T1	3	71090700	77695200	4	3	1	NaN
CBCP00262-T1	3	78648033	128971800	4	2	2	NaN
CBCP00262-T1	3	128973500	197765400	3	2	1	NaN
CBCP00262-T1	4	53100	63682913	4	2	2	NaN
CBCP00262-T1	4	65146100	99428726	3	2	1	NaN
CBCP00262-T1	4	101961700	119435699	4	2	2	NaN
CBCP00262-T1	4	119436130	187131700	4	2	2	NaN
CBCP00262-T1	4	187153290	190989700	4	2	2	NaN
CBCP00262-T1	5	140636	49963779	7	5	2	NaN
CBCP00262-T1	5	50034900	180687907	3	3	0	NaN
CBCP00262-T1	6	152700	31965500	4	2	2	NaN
CBCP00262-T1	6	31974000	100403900	4	2	2	NaN
CBCP00262-T1	6	100838400	146126419	4	2	2	NaN
CBCP00262-T1	6	146126879	152599400	6	4	2	NaN
CBCP00262-T1	6	152602900	170949300	5	3	2	NaN
CBCP00262-T1	7	193200	11513800	4	3	1	NaN
CBCP00262-T1	7	11514100	92027080	5	3	2	NaN
CBCP00262-T1	7	92027187	159025751	4	2	2	NaN
CBCP00262-T1	8	1497100	36692200	3	3	0	NaN
CBCP00262-T1	8	38370154	40683220	11	9	2	NaN
CBCP00262-T1	8	46941376	57390122	4	2	2	NaN
CBCP00262-T1	8	57876468	64085300	6	4	2	NaN
CBCP00262-T1	8	64087900	86138797	10	8	2	NaN
CBCP00262-T1	8	86158100	110986500	6	4	2	NaN
CBCP00262-T1	8	119122500	135602612	9	6	3	NaN
CBCP00262-T1	8	135611945	145999200	7	6	1	NaN
CBCP00262-T1	9	12100	2729700	9	8	1	NaN
CBCP00262-T1	9	2804400	28148900	2	2	0	NaN
CBCP00262-T1	9	28149104	38620301	4	3	1	NaN
CBCP00262-T1	9	38621995	141071710	2	1	1	NaN
CBCP00262-T1	10	93200	42681300	5	3	2	NaN
CBCP00262-T1	10	42705517	58118500	2	1	1	NaN
CBCP00262-T1	10	58118700	127760200	5	4	1	NaN
CBCP00262-T1	10	128018900	135506000	4	2	2	NaN
CBCP00262-T1	11	134600	43591400	2	2	0	NaN
CBCP00262-T1	11	43602992	61675400	3	2	1	NaN
CBCP00262-T1	11	61675714	71948900	4	2	2	NaN
CBCP00262-T1	11	71949064	132177563	3	2	1	NaN
CBCP00262-T1	11	132180100	134856661	5	4	1	NaN
CBCP00262-T1	12	68326	27800662	4	3	1	NaN
CBCP00262-T1	12	27803188	114378000	3	2	1	NaN
CBCP00262-T1	12	114380200	118693440	7	5	2	NaN
CBCP00262-T1	12	118814500	133811000	3	3	0	NaN
CBCP00262-T1	13	19600500	67477723	2	2	0	NaN
CBCP00262-T1	13	67799800	115091500	2	1	1	NaN
CBCP00262-T1	14	19012600	107283156	4	3	1	NaN
CBCP00262-T1	15	20083900	102518000	3	3	0	NaN
CBCP00262-T1	16	61730	20855335	5	3	2	NaN
CBCP00262-T1	16	20856100	31271348	5	3	2	NaN
CBCP00262-T1	16	32006250	90241500	3	3	0	NaN
CBCP00262-T1	17	6157	42722900	3	2	1	NaN
CBCP00262-T1	17	42734588	66524000	4	3	1	NaN
CBCP00262-T1	17	66524900	81188028	3	2	1	NaN
CBCP00262-T1	18	12800	18515900	4	2	2	NaN
CBCP00262-T1	18	18516300	21860751	5	3	2	NaN
CBCP00262-T1	18	21883500	78005300	5	4	1	NaN
CBCP00262-T1	19	110700	16146865	5	4	1	NaN
CBCP00262-T1	19	16178587	42083910	5	3	2	NaN
CBCP00262-T1	19	42085557	45923801	3	2	1	NaN
CBCP00262-T1	19	45924400	59110500	5	3	2	NaN
CBCP00262-T1	20	76800	40034100	4	2	2	NaN
CBCP00262-T1	20	40040828	62959200	6	4	2	NaN
CBCP00262-T1	21	9439400	48100900	3	2	1	NaN
CBCP00262-T1	22	16101400	29093000	5	4	1	NaN
CBCP00262-T1	22	29095800	31723200	6	5	1	NaN
CBCP00262-T1	22	31724900	36682900	3	3	0	NaN
CBCP00262-T1	22	36684400	41612265	4	3	1	NaN
CBCP00262-T1	22	41613100	51237500	5	4	1	NaN
CBCP00262-T1	23	2700000	12739900	5	3	2	NaN
CBCP00262-T1	23	17819300	25025600	7	6	1	NaN
CBCP00262-T1	23	25028425	47755473	3	2	1	NaN
CBCP00262-T1	23	47757800	73072300	5	3	2	NaN
CBCP00262-T1	23	73072600	134654900	4	2	2	NaN
CBCP00262-T1	23	134655200	154774800	3	2	1	NaN
