SampleID	Chromosome	Start_position	End_position	total_cn	A_cn	B_cn	ploidy
CBCP00039-T1	1	13116	144812019	2	1	1	NaN
CBCP00039-T1	1	144813800	246518362	2	1	1	NaN
CBCP00039-T1	1	246805000	248039800	1	1	0	NaN
CBCP00039-T1	1	248058927	249231100	3	2	1	NaN
CBCP00039-T1	2	14342	89185774	2	1	1	NaN
CBCP00039-T1	2	89852200	89879900	0	0	0	NaN
CBCP00039-T1	2	89890600	95481396	1	1	0	NaN
CBCP00039-T1	2	95481600	217724700	2	1	1	NaN
CBCP00039-T1	2	217735700	242193000	1	1	0	NaN
CBCP00039-T1	3	239350	50037000	1	1	0	NaN
CBCP00039-T1	3	50307800	63649786	1	1	0	NaN
CBCP00039-T1	3	67048762	93615500	1	1	0	NaN
CBCP00039-T1	3	93619900	197903900	3	2	1	NaN
CBCP00039-T1	4	248530	10599670	3	2	1	NaN
CBCP00039-T1	4	10600300	49063872	2	1	1	NaN
CBCP00039-T1	4	49093400	49659200	0	0	0	NaN
CBCP00039-T1	4	52709364	191028500	2	1	1	NaN
CBCP00039-T1	5	140600	180687800	2	1	1	NaN
CBCP00039-T1	6	140300	62995719	3	2	1	NaN
CBCP00039-T1	6	69348800	71508379	1	1	0	NaN
CBCP00039-T1	6	71760900	170949300	1	1	0	NaN
CBCP00039-T1	7	35480	55945800	2	1	1	NaN
CBCP00039-T1	7	55980527	158829385	0	0	0	NaN
CBCP00039-T1	8	152700	31496900	1	1	0	NaN
CBCP00039-T1	8	32579569	38646128	1	1	0	NaN
CBCP00039-T1	8	38677200	43053100	9	8	1	NaN
CBCP00039-T1	8	43054700	74917228	5	4	1	NaN
CBCP00039-T1	8	74922300	146279479	8	7	1	NaN
CBCP00039-T1	9	12100	38620301	1	1	0	NaN
CBCP00039-T1	9	39078488	141071800	2	1	1	NaN
CBCP00039-T1	10	93287	38740353	2	1	1	NaN
CBCP00039-T1	10	38776500	42600400	0	0	0	NaN
CBCP00039-T1	10	42644772	135505900	2	1	1	NaN
CBCP00039-T1	11	134600	84245700	2	1	1	NaN
CBCP00039-T1	11	84245872	134244200	1	1	0	NaN
CBCP00039-T1	12	68326	63061000	2	1	1	NaN
CBCP00039-T1	12	63083521	133811118	4	3	1	NaN
CBCP00039-T1	13	19042581	115091600	1	1	0	NaN
CBCP00039-T1	14	19000717	19118200	0	0	0	NaN
CBCP00039-T1	14	19123571	51902800	3	2	1	NaN
CBCP00039-T1	14	52156626	107283200	1	1	0	NaN
CBCP00039-T1	15	20025900	102518000	2	1	1	NaN
CBCP00039-T1	16	61800	33816183	3	2	1	NaN
CBCP00039-T1	16	33817888	35142500	1	1	0	NaN
CBCP00039-T1	16	35229284	46455913	0	0	0	NaN
CBCP00039-T1	16	46508200	90233300	2	1	1	NaN
CBCP00039-T1	17	6188	10728900	2	2	0	NaN
CBCP00039-T1	17	11145100	12608600	0	0	0	NaN
CBCP00039-T1	17	12618769	25639300	2	2	0	NaN
CBCP00039-T1	17	25746800	29113189	3	2	1	NaN
CBCP00039-T1	17	29119649	30965800	2	2	0	NaN
CBCP00039-T1	17	30980972	81083535	3	2	1	NaN
CBCP00039-T1	18	12863	691266	1	1	0	NaN
CBCP00039-T1	18	693200	8706300	3	2	1	NaN
CBCP00039-T1	18	9512985	11752500	3	2	1	NaN
CBCP00039-T1	18	11752943	14105600	5	4	1	NaN
CBCP00039-T1	18	14105923	20516900	2	1	1	NaN
CBCP00039-T1	18	20526300	28739300	5	4	1	NaN
CBCP00039-T1	18	28742500	30353300	11	10	1	NaN
CBCP00039-T1	18	33968939	78005200	1	1	0	NaN
CBCP00039-T1	19	107600	328000	1	1	0	NaN
CBCP00039-T1	19	334500	2399079	2	2	0	NaN
CBCP00039-T1	19	2402018	30020657	1	1	0	NaN
CBCP00039-T1	19	30021023	59110400	2	1	1	NaN
CBCP00039-T1	20	68300	2732500	1	1	0	NaN
CBCP00039-T1	20	2732600	6751100	2	1	1	NaN
CBCP00039-T1	20	6759100	20341000	1	1	0	NaN
CBCP00039-T1	20	20349300	33935100	3	2	1	NaN
CBCP00039-T1	20	33954300	34568400	4	3	1	NaN
CBCP00039-T1	20	34571800	62959131	3	2	1	NaN
CBCP00039-T1	21	9439600	48101000	2	1	1	NaN
CBCP00039-T1	22	16101400	51237500	2	1	1	NaN
CBCP00039-T1	23	2700202	154774663	2	1	1	NaN
