SampleID	Chromosome	Start_position	End_position	total_cn	A_cn	B_cn	ploidy
CBCP00255-T1	1	13200	144814791	2	1	1	NaN
CBCP00255-T1	1	144816000	249231062	3	2	1	NaN
CBCP00255-T1	2	41509	92129700	2	1	1	NaN
CBCP00255-T1	2	95464700	242193000	2	1	1	NaN
CBCP00255-T1	3	239347	190366200	2	1	1	NaN
CBCP00255-T1	3	190366400	197903900	3	2	1	NaN
CBCP00255-T1	4	53218	190981500	2	1	1	NaN
CBCP00255-T1	5	140500	180687800	3	2	1	NaN
CBCP00255-T1	6	367500	58285400	2	1	1	NaN
CBCP00255-T1	6	62390916	116325142	2	1	1	NaN
CBCP00255-T1	6	116359995	125139600	3	2	1	NaN
CBCP00255-T1	6	125144352	170893454	2	2	0	NaN
CBCP00255-T1	7	35480	21847580	2	1	1	NaN
CBCP00255-T1	7	21856200	159025800	2	1	1	NaN
CBCP00255-T1	8	182900	57876359	2	1	1	NaN
CBCP00255-T1	8	57878800	69104000	3	2	1	NaN
CBCP00255-T1	8	69104619	113236900	5	3	2	NaN
CBCP00255-T1	8	113237200	146279479	6	4	2	NaN
CBCP00255-T1	9	12033	141071710	2	1	1	NaN
CBCP00255-T1	10	93100	38990587	2	1	1	NaN
CBCP00255-T1	10	42644772	135505900	2	1	1	NaN
CBCP00255-T1	11	134600	103326061	2	1	1	NaN
CBCP00255-T1	11	103327079	134856661	1	1	0	NaN
CBCP00255-T1	12	92100	65471700	2	1	1	NaN
CBCP00255-T1	12	65514241	111804000	6	5	1	NaN
CBCP00255-T1	12	112623200	133151000	6	5	1	NaN
CBCP00255-T1	13	19043000	39621900	2	1	1	NaN
CBCP00255-T1	13	39744000	115091500	1	1	0	NaN
CBCP00255-T1	14	19110449	107283255	2	1	1	NaN
CBCP00255-T1	15	20083803	102517900	2	1	1	NaN
CBCP00255-T1	16	67100	9892400	5	3	2	NaN
CBCP00255-T1	16	9916200	34777700	3	2	1	NaN
CBCP00255-T1	16	46509800	70883881	1	1	0	NaN
CBCP00255-T1	16	71209504	90168700	1	1	0	NaN
CBCP00255-T1	17	5994	18945200	1	1	0	NaN
CBCP00255-T1	17	19186500	21102212	5	4	1	NaN
CBCP00255-T1	17	21114327	21828425	3	2	1	NaN
CBCP00255-T1	17	25279500	39191200	3	2	1	NaN
CBCP00255-T1	17	39197200	81083660	3	3	0	NaN
CBCP00255-T1	18	12900	15316704	2	1	1	NaN
CBCP00255-T1	18	18520278	78005200	2	1	1	NaN
CBCP00255-T1	19	110800	24361436	2	1	1	NaN
CBCP00255-T1	19	29567134	59094003	2	1	1	NaN
CBCP00255-T1	20	76635	62959300	3	2	1	NaN
CBCP00255-T1	21	9439500	48100900	2	1	1	NaN
CBCP00255-T1	22	16123300	51237400	2	1	1	NaN
CBCP00255-T1	23	2700000	120505000	2	1	1	NaN
CBCP00255-T1	23	121376242	154774707	3	2	1	NaN
