SampleID	Chromosome	Start_position	End_position	total_cn	A_cn	B_cn	ploidy
CBCP00081-T1	1	13284	249231062	2	1	1	NaN
CBCP00081-T1	2	14300	242193000	2	1	1	NaN
CBCP00081-T1	3	239500	197903984	2	1	1	NaN
CBCP00081-T1	4	47658	190981400	2	1	1	NaN
CBCP00081-T1	5	140474	180687700	2	1	1	NaN
CBCP00081-T1	6	152700	170949200	2	1	1	NaN
CBCP00081-T1	7	35485	159025751	2	1	1	NaN
CBCP00081-T1	8	163400	146279396	2	1	1	NaN
CBCP00081-T1	9	12033	141071800	2	1	1	NaN
CBCP00081-T1	10	93287	135505700	2	1	1	NaN
CBCP00081-T1	11	87200	134856600	2	1	1	NaN
CBCP00081-T1	12	86569	133811118	2	1	1	NaN
CBCP00081-T1	13	19043003	115091700	2	1	1	NaN
CBCP00081-T1	14	19110343	107283255	2	1	1	NaN
CBCP00081-T1	15	20083900	102518100	2	1	1	NaN
CBCP00081-T1	16	62800	90238000	2	1	1	NaN
CBCP00081-T1	17	6157	81188028	2	1	1	NaN
CBCP00081-T1	18	13000	78005100	2	1	1	NaN
CBCP00081-T1	19	107500	59094003	2	1	1	NaN
CBCP00081-T1	20	68300	62959300	2	1	1	NaN
CBCP00081-T1	21	9439400	48100900	2	1	1	NaN
CBCP00081-T1	22	16123300	51237500	2	1	1	NaN
CBCP00081-T1	23	2700202	154774707	2	1	1	NaN
