SampleID	Chromosome	Start_position	End_position	total_cn	A_cn	B_cn	ploidy
CBCP00079-T1	1	13116	144863208	2	1	1	NaN
CBCP00079-T1	1	144863509	249231100	3	2	1	NaN
CBCP00079-T1	2	14300	242193000	2	1	1	NaN
CBCP00079-T1	3	239350	197903900	2	1	1	NaN
CBCP00079-T1	4	47700	190981500	2	1	1	NaN
CBCP00079-T1	5	140474	180687700	2	1	1	NaN
CBCP00079-T1	6	152700	170949300	2	1	1	NaN
CBCP00079-T1	7	193399	159025874	2	1	1	NaN
CBCP00079-T1	8	163476	146279349	2	1	1	NaN
CBCP00079-T1	9	12100	141071710	2	1	1	NaN
CBCP00079-T1	10	93200	135505700	2	1	1	NaN
CBCP00079-T1	11	87100	134856661	2	1	1	NaN
CBCP00079-T1	12	68400	133810800	2	1	1	NaN
CBCP00079-T1	13	19043012	115091700	2	1	1	NaN
CBCP00079-T1	14	19110415	107283076	2	1	1	NaN
CBCP00079-T1	15	20083800	102518000	2	1	1	NaN
CBCP00079-T1	16	67000	33948700	2	1	1	NaN
CBCP00079-T1	16	33950157	90232838	2	1	1	NaN
CBCP00079-T1	17	6100	81188100	2	1	1	NaN
CBCP00079-T1	18	12900	78005200	2	1	1	NaN
CBCP00079-T1	19	110800	59093700	2	1	1	NaN
CBCP00079-T1	20	76934	62959300	2	1	1	NaN
CBCP00079-T1	21	9439500	48084400	2	1	1	NaN
CBCP00079-T1	22	16123400	51237500	2	1	1	NaN
CBCP00079-T1	23	2700027	154774800	2	1	1	NaN
