SampleID	Chromosome	Start_position	End_position	total_cn	A_cn	B_cn	ploidy
CBCP00053-T1	1	13380	25153692	4	3	1	NaN
CBCP00053-T1	1	25166400	39494611	3	2	1	NaN
CBCP00053-T1	1	39500059	40945067	4	3	1	NaN
CBCP00053-T1	1	40947551	45475886	5	3	2	NaN
CBCP00053-T1	1	45476300	93169100	4	3	1	NaN
CBCP00053-T1	1	93202100	121483800	5	3	2	NaN
CBCP00053-T1	1	143743400	249231100	5	3	2	NaN
CBCP00053-T1	2	41509	43054700	5	3	2	NaN
CBCP00053-T1	2	43451800	118766100	2	2	0	NaN
CBCP00053-T1	2	118771600	122004500	5	3	2	NaN
CBCP00053-T1	2	130680400	132861558	4	2	2	NaN
CBCP00053-T1	2	133070500	148677900	5	3	2	NaN
CBCP00053-T1	2	148680526	242192881	2	2	0	NaN
CBCP00053-T1	3	239500	147130500	2	2	0	NaN
CBCP00053-T1	3	147131200	197847604	4	4	0	NaN
CBCP00053-T1	4	53218	190981500	2	2	0	NaN
CBCP00053-T1	5	140532	49410300	5	3	2	NaN
CBCP00053-T1	5	49433700	180687800	2	2	0	NaN
CBCP00053-T1	6	106200	33218600	5	3	2	NaN
CBCP00053-T1	6	33219700	52902800	4	3	1	NaN
CBCP00053-T1	6	52935800	170949200	5	3	2	NaN
CBCP00053-T1	7	193254	2349423	1	1	0	NaN
CBCP00053-T1	7	2400394	31735209	3	3	0	NaN
CBCP00053-T1	7	31746700	44808544	5	3	2	NaN
CBCP00053-T1	7	44924627	49977100	2	2	0	NaN
CBCP00053-T1	7	50070800	57710100	5	3	2	NaN
CBCP00053-T1	7	57712331	159025800	3	2	1	NaN
CBCP00053-T1	8	116700	146279400	3	3	0	NaN
CBCP00053-T1	9	12700	39890213	3	3	0	NaN
CBCP00053-T1	9	71094487	141071800	3	3	0	NaN
CBCP00053-T1	10	93287	38990444	4	2	2	NaN
CBCP00053-T1	10	38990600	72100500	3	2	1	NaN
CBCP00053-T1	10	72136100	103347800	4	2	2	NaN
CBCP00053-T1	10	103348100	135500900	3	2	1	NaN
CBCP00053-T1	11	134600	10582300	3	2	1	NaN
CBCP00053-T1	11	10585500	17191100	5	3	2	NaN
CBCP00053-T1	11	17317000	30352800	3	2	1	NaN
CBCP00053-T1	11	30354600	58125660	5	3	2	NaN
CBCP00053-T1	11	58126000	134856707	4	2	2	NaN
CBCP00053-T1	12	68400	34318500	4	2	2	NaN
CBCP00053-T1	12	34319927	62104044	2	2	0	NaN
CBCP00053-T1	12	62114671	133810935	5	3	2	NaN
CBCP00053-T1	13	19043003	115091700	3	3	0	NaN
CBCP00053-T1	14	19012600	60978000	2	2	0	NaN
CBCP00053-T1	14	61113100	61190902	0	0	0	NaN
CBCP00053-T1	14	66963000	67626200	0	0	0	NaN
CBCP00053-T1	14	67635600	107283100	2	2	0	NaN
CBCP00053-T1	15	22297600	45983300	2	2	0	NaN
CBCP00053-T1	15	47873605	57754000	1	1	0	NaN
CBCP00053-T1	15	57809100	102518000	3	2	1	NaN
CBCP00053-T1	16	61730	2988400	2	1	1	NaN
CBCP00053-T1	16	3014600	4393600	1	1	0	NaN
CBCP00053-T1	16	4394054	9186013	3	3	0	NaN
CBCP00053-T1	16	9196900	15212789	4	3	1	NaN
CBCP00053-T1	16	15221700	20811681	3	3	0	NaN
CBCP00053-T1	16	20814200	24988485	2	2	0	NaN
CBCP00053-T1	16	25043301	29917054	4	4	0	NaN
CBCP00053-T1	16	29917900	32046600	5	5	0	NaN
CBCP00053-T1	16	32626800	33730600	1	1	0	NaN
CBCP00053-T1	16	33730900	33815900	0	0	0	NaN
CBCP00053-T1	16	33816367	70868100	2	2	0	NaN
CBCP00053-T1	16	71209731	90237872	2	2	0	NaN
CBCP00053-T1	17	6157	10265761	3	3	0	NaN
CBCP00053-T1	17	11459312	21191400	3	3	0	NaN
CBCP00053-T1	17	21194771	26348695	2	2	0	NaN
CBCP00053-T1	17	26370300	34151100	3	3	0	NaN
CBCP00053-T1	17	34163200	34894200	1	1	0	NaN
CBCP00053-T1	17	34901700	47925200	3	3	0	NaN
CBCP00053-T1	17	48431032	52032300	4	4	0	NaN
CBCP00053-T1	17	57046900	60879057	4	4	0	NaN
CBCP00053-T1	17	61086900	67522700	2	2	0	NaN
CBCP00053-T1	17	67532300	79916945	3	3	0	NaN
CBCP00053-T1	18	12863	78005200	5	3	2	NaN
CBCP00053-T1	19	110700	5274400	4	2	2	NaN
CBCP00053-T1	19	6042059	18897106	4	2	2	NaN
CBCP00053-T1	19	18897398	24310032	5	3	2	NaN
CBCP00053-T1	19	24310327	59094003	4	3	1	NaN
CBCP00053-T1	20	68396	22562600	2	2	0	NaN
CBCP00053-T1	20	22563300	62959200	5	3	2	NaN
CBCP00053-T1	21	9492400	14486100	2	2	0	NaN
CBCP00053-T1	21	14756973	32639300	5	3	2	NaN
CBCP00053-T1	21	32931900	38605694	2	2	0	NaN
CBCP00053-T1	21	38610800	48084200	4	2	2	NaN
CBCP00053-T1	22	16123300	37771500	2	2	0	NaN
CBCP00053-T1	22	37866000	51237364	3	3	0	NaN
CBCP00053-T1	23	2700200	56310800	2	2	0	NaN
CBCP00053-T1	23	56590600	99956900	3	2	1	NaN
CBCP00053-T1	23	100742600	154774800	3	2	1	NaN
