SampleID	Chromosome	Start_position	End_position	total_cn	A_cn	B_cn	ploidy
CBCP00254-T1	1	13118	155295300	2	1	1	NaN
CBCP00254-T1	1	155686800	162829422	2	1	1	NaN
CBCP00254-T1	1	163038684	242222534	5	4	1	NaN
CBCP00254-T1	1	245862200	249230900	3	2	1	NaN
CBCP00254-T1	2	41602	242193000	2	1	1	NaN
CBCP00254-T1	3	239400	197904000	2	1	1	NaN
CBCP00254-T1	4	47658	191024371	1	1	0	NaN
CBCP00254-T1	5	140600	180687900	2	1	1	NaN
CBCP00254-T1	6	152700	170949300	2	1	1	NaN
CBCP00254-T1	7	193200	159025900	2	1	1	NaN
CBCP00254-T1	8	163420	37611500	0	0	0	NaN
CBCP00254-T1	8	37720486	40438800	0	0	0	NaN
CBCP00254-T1	8	42013500	43028750	1	1	0	NaN
CBCP00254-T1	8	43033300	79073301	2	1	1	NaN
CBCP00254-T1	8	79510800	146279396	4	3	1	NaN
CBCP00254-T1	9	12100	141071700	2	1	1	NaN
CBCP00254-T1	10	93257	135500900	2	1	1	NaN
CBCP00254-T1	11	134550	47182712	1	1	0	NaN
CBCP00254-T1	11	47182815	51411989	2	1	1	NaN
CBCP00254-T1	11	51412200	134856700	1	1	0	NaN
CBCP00254-T1	12	68400	122359500	1	1	0	NaN
CBCP00254-T1	12	122361770	133811100	0	0	0	NaN
CBCP00254-T1	13	19042485	115091700	2	1	1	NaN
CBCP00254-T1	14	19012600	73238500	2	1	1	NaN
CBCP00254-T1	14	73746000	107283156	2	1	1	NaN
CBCP00254-T1	15	20083900	102518000	2	1	1	NaN
CBCP00254-T1	16	66904	90237872	2	1	1	NaN
CBCP00254-T1	17	6157	21191200	0	0	0	NaN
CBCP00254-T1	17	21194771	25264800	0	0	0	NaN
CBCP00254-T1	17	25267000	73328800	3	2	1	NaN
CBCP00254-T1	17	73389710	81188100	3	2	1	NaN
CBCP00254-T1	18	12863	18975500	2	1	1	NaN
CBCP00254-T1	18	18981200	78005200	1	1	0	NaN
CBCP00254-T1	19	110700	59094043	2	1	1	NaN
CBCP00254-T1	20	76700	62959200	3	2	1	NaN
CBCP00254-T1	21	9439400	48100900	2	1	1	NaN
CBCP00254-T1	22	16123300	51237500	3	2	1	NaN
CBCP00254-T1	23	2700027	154774707	2	1	1	NaN
