SampleID	Chromosome	Start_position	End_position	total_cn	A_cn	B_cn	ploidy
CBCP00170-T1	1	13110	144879485	2	1	1	NaN
CBCP00170-T1	1	144880800	249231100	4	3	1	NaN
CBCP00170-T1	2	14300	242193000	2	1	1	NaN
CBCP00170-T1	3	239245	197904000	2	1	1	NaN
CBCP00170-T1	4	47658	191028500	2	1	1	NaN
CBCP00170-T1	5	140474	180687700	2	1	1	NaN
CBCP00170-T1	6	106200	170949200	2	1	1	NaN
CBCP00170-T1	7	193100	159025751	3	2	1	NaN
CBCP00170-T1	8	116700	146279396	2	1	1	NaN
CBCP00170-T1	9	12033	141071818	2	1	1	NaN
CBCP00170-T1	10	93287	135505900	2	1	1	NaN
CBCP00170-T1	11	86900	134856661	2	1	1	NaN
CBCP00170-T1	12	86569	133811000	2	1	1	NaN
CBCP00170-T1	13	19043003	115091500	2	1	1	NaN
CBCP00170-T1	14	19110400	107283266	2	1	1	NaN
CBCP00170-T1	15	20083803	102518000	2	1	1	NaN
CBCP00170-T1	16	67000	33962062	3	2	1	NaN
CBCP00170-T1	16	33962323	46952600	1	1	0	NaN
CBCP00170-T1	16	49195769	70871700	1	1	0	NaN
CBCP00170-T1	16	71212900	90168700	1	1	0	NaN
CBCP00170-T1	17	6157	19685282	1	1	0	NaN
CBCP00170-T1	17	19689300	36829876	2	1	1	NaN
CBCP00170-T1	17	36830300	40359700	3	2	1	NaN
CBCP00170-T1	17	40362300	48072300	2	1	1	NaN
CBCP00170-T1	17	48133900	80885955	3	2	1	NaN
CBCP00170-T1	18	12863	78005100	2	1	1	NaN
CBCP00170-T1	19	110700	59110400	2	1	1	NaN
CBCP00170-T1	20	68300	62959200	2	1	1	NaN
CBCP00170-T1	21	9439400	48100900	2	1	1	NaN
CBCP00170-T1	22	16101300	51237410	1	1	0	NaN
CBCP00170-T1	23	2700200	154774700	2	1	1	NaN
