SampleID	Chromosome	Start_position	End_position	total_cn	A_cn	B_cn	ploidy
CBCP00048-T2	1	13116	249230900	2	1	1	NaN
CBCP00048-T2	2	45700	242192881	2	1	1	NaN
CBCP00048-T2	3	239400	197896606	2	1	1	NaN
CBCP00048-T2	4	47658	190981400	2	1	1	NaN
CBCP00048-T2	5	140700	180687700	2	1	1	NaN
CBCP00048-T2	6	203722	170892877	2	1	1	NaN
CBCP00048-T2	7	193200	159025874	2	1	1	NaN
CBCP00048-T2	8	116600	146279400	2	1	1	NaN
CBCP00048-T2	9	12800	141071700	2	1	1	NaN
CBCP00048-T2	10	93300	135505800	2	1	1	NaN
CBCP00048-T2	11	134500	134856661	2	1	1	NaN
CBCP00048-T2	12	68326	133811000	2	1	1	NaN
CBCP00048-T2	13	19043003	115091600	2	1	1	NaN
CBCP00048-T2	14	19012600	107283122	2	1	1	NaN
CBCP00048-T2	15	20083900	102517900	2	1	1	NaN
CBCP00048-T2	16	67100	33792015	2	1	1	NaN
CBCP00048-T2	16	46512200	90233200	2	1	1	NaN
CBCP00048-T2	17	6157	81083660	2	1	1	NaN
CBCP00048-T2	18	12863	78005200	2	1	1	NaN
CBCP00048-T2	19	110800	59093700	2	1	1	NaN
CBCP00048-T2	20	68396	62959200	2	1	1	NaN
CBCP00048-T2	21	9439600	48084200	2	1	1	NaN
CBCP00048-T2	22	16123300	51237500	2	1	1	NaN
CBCP00048-T2	23	2700089	154774900	2	1	1	NaN
