SampleID	Chromosome	Start_position	End_position	total_cn	A_cn	B_cn	ploidy
CBCP00033-T1	1	13116	31194216	2	1	1	NaN
CBCP00033-T1	1	31194489	144891100	3	2	1	NaN
CBCP00033-T1	1	144892100	249231200	4	2	2	NaN
CBCP00033-T1	2	14300	10132100	3	3	0	NaN
CBCP00033-T1	2	10133284	112141772	3	2	1	NaN
CBCP00033-T1	2	112524522	132995100	3	2	1	NaN
CBCP00033-T1	2	132997600	133070300	0	0	0	NaN
CBCP00033-T1	2	133070500	187359900	3	2	1	NaN
CBCP00033-T1	2	187361800	232646500	3	2	1	NaN
CBCP00033-T1	2	232646800	242193000	3	3	0	NaN
CBCP00033-T1	3	239350	90264800	4	2	2	NaN
CBCP00033-T1	3	90274805	197896697	3	2	1	NaN
CBCP00033-T1	4	47658	45611500	2	1	1	NaN
CBCP00033-T1	4	46043200	49063872	4	2	2	NaN
CBCP00033-T1	4	49094000	191033600	2	1	1	NaN
CBCP00033-T1	5	171200	45696200	4	2	2	NaN
CBCP00033-T1	5	46323900	180687900	3	2	1	NaN
CBCP00033-T1	6	1313470	9616300	2	2	0	NaN
CBCP00033-T1	6	9673200	13879400	4	2	2	NaN
CBCP00033-T1	6	16130800	49986700	3	3	0	NaN
CBCP00033-T1	6	49989622	170949200	4	2	2	NaN
CBCP00033-T1	7	193399	159025900	4	2	2	NaN
CBCP00033-T1	8	116100	46941376	2	2	0	NaN
CBCP00033-T1	8	47195083	146279349	7	5	2	NaN
CBCP00033-T1	9	12033	31778800	2	2	0	NaN
CBCP00033-T1	9	32333630	141071700	4	2	2	NaN
CBCP00033-T1	10	93287	38990713	4	2	2	NaN
CBCP00033-T1	10	39079100	135505800	2	2	0	NaN
CBCP00033-T1	11	134500	49897813	3	2	1	NaN
CBCP00033-T1	11	49898200	134856603	2	2	0	NaN
CBCP00033-T1	12	248584	62274285	3	2	1	NaN
CBCP00033-T1	12	62498577	66563013	11	8	3	NaN
CBCP00033-T1	12	71509652	110788200	2	2	0	NaN
CBCP00033-T1	12	110812200	126929600	3	3	0	NaN
CBCP00033-T1	12	126932600	133811000	2	2	0	NaN
CBCP00033-T1	13	19703194	27333900	3	2	1	NaN
CBCP00033-T1	13	27643597	33247400	4	3	1	NaN
CBCP00033-T1	13	33249950	60707000	2	1	1	NaN
CBCP00033-T1	13	61988153	82265100	6	5	1	NaN
CBCP00033-T1	13	84453800	108518200	3	3	0	NaN
CBCP00033-T1	13	108518444	115091600	1	1	0	NaN
CBCP00033-T1	14	19000717	29261400	2	2	0	NaN
CBCP00033-T1	14	30046500	35483882	3	2	1	NaN
CBCP00033-T1	14	35488000	50053263	2	2	0	NaN
CBCP00033-T1	14	50065200	52734600	4	2	2	NaN
CBCP00033-T1	14	56757254	107283270	2	2	0	NaN
CBCP00033-T1	15	20025900	35834700	2	2	0	NaN
CBCP00033-T1	15	35838300	42958100	3	2	1	NaN
CBCP00033-T1	15	42961400	44828900	2	2	0	NaN
CBCP00033-T1	15	44829408	88484068	4	2	2	NaN
CBCP00033-T1	15	88522700	102277500	4	2	2	NaN
CBCP00033-T1	16	61675	24888600	3	2	1	NaN
CBCP00033-T1	16	24895361	33539700	4	3	1	NaN
CBCP00033-T1	16	33730952	46509800	1	1	0	NaN
CBCP00033-T1	16	46512200	53403500	3	3	0	NaN
CBCP00033-T1	16	53404100	57844600	4	3	1	NaN
CBCP00033-T1	16	58011800	90241500	3	3	0	NaN
CBCP00033-T1	17	6188	26732300	4	2	2	NaN
CBCP00033-T1	17	26733000	29172000	15	13	2	NaN
CBCP00033-T1	17	29592300	34964700	2	2	0	NaN
CBCP00033-T1	17	35294486	37995800	16	14	2	NaN
CBCP00033-T1	17	38487500	38635900	1	1	0	NaN
CBCP00033-T1	17	38637100	40666200	2	2	0	NaN
CBCP00033-T1	17	40666500	46933883	2	2	0	NaN
CBCP00033-T1	17	46937700	47784200	7	5	2	NaN
CBCP00033-T1	17	47784550	48940800	10	8	2	NaN
CBCP00033-T1	17	49057100	55079683	3	2	1	NaN
CBCP00033-T1	17	55083630	59560901	5	3	2	NaN
CBCP00033-T1	17	60765700	61768667	5	4	1	NaN
CBCP00033-T1	17	61769300	65736900	5	3	2	NaN
CBCP00033-T1	17	65739797	67943343	3	2	1	NaN
CBCP00033-T1	17	68093134	73659100	4	2	2	NaN
CBCP00033-T1	17	73661269	73842892	12	10	2	NaN
CBCP00033-T1	17	73843000	74909875	7	5	2	NaN
CBCP00033-T1	17	74921129	81187848	2	2	0	NaN
CBCP00033-T1	18	12916	112300	1	1	0	NaN
CBCP00033-T1	18	117100	19236900	2	1	1	NaN
CBCP00033-T1	18	19239300	22057484	5	3	2	NaN
CBCP00033-T1	18	25757048	78005200	2	2	0	NaN
CBCP00033-T1	19	110800	30054600	3	2	1	NaN
CBCP00033-T1	19	30054900	59110400	4	2	2	NaN
CBCP00033-T1	20	68264	32833900	4	2	2	NaN
CBCP00033-T1	20	32848300	35329000	5	3	2	NaN
CBCP00033-T1	20	35335400	40747209	4	2	2	NaN
CBCP00033-T1	20	43534800	57016100	5	3	2	NaN
CBCP00033-T1	20	57019200	62120569	2	2	0	NaN
CBCP00033-T1	20	62121726	62959200	3	2	1	NaN
CBCP00033-T1	21	9439400	14356700	1	1	0	NaN
CBCP00033-T1	21	14410700	48100900	4	2	2	NaN
CBCP00033-T1	22	16101400	51237364	3	3	0	NaN
CBCP00033-T1	23	2700100	15555500	2	2	0	NaN
CBCP00033-T1	23	21549900	49431400	2	2	0	NaN
CBCP00033-T1	23	49431714	61683400	3	2	1	NaN
CBCP00033-T1	23	61685400	154774900	2	2	0	NaN
