SampleID	Chromosome	Start_position	End_position	total_cn	A_cn	B_cn	ploidy
CBCP00073-T1	1	672040	32048700	1	1	0	NaN
CBCP00073-T1	1	32049131	249231100	2	1	1	NaN
CBCP00073-T1	2	41602	92129796	2	1	1	NaN
CBCP00073-T1	2	95481100	242193000	2	1	1	NaN
CBCP00073-T1	3	239400	197847354	2	1	1	NaN
CBCP00073-T1	4	49792	49063893	2	1	1	NaN
CBCP00073-T1	4	52729947	190981500	2	1	1	NaN
CBCP00073-T1	5	140600	180687700	2	1	1	NaN
CBCP00073-T1	6	152700	170892877	2	1	1	NaN
CBCP00073-T1	7	193254	75572924	3	2	1	NaN
CBCP00073-T1	7	75573180	159025400	1	1	0	NaN
CBCP00073-T1	8	163400	43052200	2	1	1	NaN
CBCP00073-T1	8	47525900	146279400	2	1	1	NaN
CBCP00073-T1	9	12100	141071700	2	1	1	NaN
CBCP00073-T1	10	93257	38990500	2	1	1	NaN
CBCP00073-T1	10	42600340	135505900	2	1	1	NaN
CBCP00073-T1	11	193211	134856626	2	1	1	NaN
CBCP00073-T1	12	68326	133811000	2	1	1	NaN
CBCP00073-T1	13	19043000	115091600	2	1	1	NaN
CBCP00073-T1	14	19012600	107282963	2	1	1	NaN
CBCP00073-T1	15	20083803	102517700	2	1	1	NaN
CBCP00073-T1	16	67000	46435457	3	2	1	NaN
CBCP00073-T1	16	46508200	46746500	1	1	0	NaN
CBCP00073-T1	16	50650015	57009137	1	1	0	NaN
CBCP00073-T1	16	57012000	57994400	2	1	1	NaN
CBCP00073-T1	16	57996600	90241500	1	1	0	NaN
CBCP00073-T1	17	6200	22066800	2	1	1	NaN
CBCP00073-T1	17	25309006	81187950	2	1	1	NaN
CBCP00073-T1	18	12905	15326000	2	1	1	NaN
CBCP00073-T1	18	18520278	77960700	2	1	1	NaN
CBCP00073-T1	19	107600	59094003	2	1	1	NaN
CBCP00073-T1	20	68396	62959300	2	1	1	NaN
CBCP00073-T1	21	9439400	48101000	2	1	1	NaN
CBCP00073-T1	22	16123200	51237500	2	1	1	NaN
CBCP00073-T1	23	2700000	58012454	2	1	1	NaN
CBCP00073-T1	23	62519400	154774800	2	1	1	NaN
