SampleID	Chromosome	Start_position	End_position	total_cn	A_cn	B_cn	ploidy
CBCP00055-T1	1	13445	144811805	2	1	1	NaN
CBCP00055-T1	1	144813824	149916900	4	2	2	NaN
CBCP00055-T1	1	149919200	155719387	5	3	2	NaN
CBCP00055-T1	1	155720400	249231100	4	3	1	NaN
CBCP00055-T1	2	14300	171822700	2	1	1	NaN
CBCP00055-T1	2	172329458	242193000	2	1	1	NaN
CBCP00055-T1	3	239347	86064112	3	2	1	NaN
CBCP00055-T1	3	86114800	122849513	5	3	2	NaN
CBCP00055-T1	3	122864400	197903984	4	2	2	NaN
CBCP00055-T1	4	47700	191033600	3	2	1	NaN
CBCP00055-T1	5	140532	44809300	4	2	2	NaN
CBCP00055-T1	5	44809600	131995400	1	1	0	NaN
CBCP00055-T1	5	131995964	180687700	3	2	1	NaN
CBCP00055-T1	6	106200	69653900	2	2	0	NaN
CBCP00055-T1	6	69666100	152332984	2	2	0	NaN
CBCP00055-T1	6	152382200	154361000	5	3	2	NaN
CBCP00055-T1	6	154411054	170949300	2	2	0	NaN
CBCP00055-T1	7	35489	159025874	3	2	1	NaN
CBCP00055-T1	8	163400	27168700	1	1	0	NaN
CBCP00055-T1	8	27678200	32621500	1	1	0	NaN
CBCP00055-T1	8	37333300	40532400	5	5	0	NaN
CBCP00055-T1	8	40554800	94794635	4	3	1	NaN
CBCP00055-T1	8	94797600	104438346	5	4	1	NaN
CBCP00055-T1	8	104439500	124267949	4	3	1	NaN
CBCP00055-T1	8	124268200	146279479	5	4	1	NaN
CBCP00055-T1	9	12100	28863459	1	1	0	NaN
CBCP00055-T1	9	28888800	33676400	5	4	1	NaN
CBCP00055-T1	9	35561384	36400200	4	3	1	NaN
CBCP00055-T1	9	36581666	39890216	1	1	0	NaN
CBCP00055-T1	9	40293114	141071552	2	1	1	NaN
CBCP00055-T1	10	93100	42364748	3	2	1	NaN
CBCP00055-T1	10	42644845	135505900	3	2	1	NaN
CBCP00055-T1	11	134550	33374694	3	3	0	NaN
CBCP00055-T1	11	36595800	48346700	2	2	0	NaN
CBCP00055-T1	11	48511037	55340466	3	2	1	NaN
CBCP00055-T1	11	55371142	55433040	0	0	0	NaN
CBCP00055-T1	11	55433400	59405900	2	2	0	NaN
CBCP00055-T1	11	60057500	60885700	5	3	2	NaN
CBCP00055-T1	11	63967600	68855233	2	2	0	NaN
CBCP00055-T1	11	71500700	72366929	8	6	2	NaN
CBCP00055-T1	11	74799913	134856707	2	2	0	NaN
CBCP00055-T1	12	68500	34318351	3	3	0	NaN
CBCP00055-T1	12	34318500	51844600	2	2	0	NaN
CBCP00055-T1	12	51845900	62810962	3	3	0	NaN
CBCP00055-T1	12	62861111	68595719	2	2	0	NaN
CBCP00055-T1	12	80816492	133811100	3	3	0	NaN
CBCP00055-T1	13	19042415	115091700	3	2	1	NaN
CBCP00055-T1	14	19435200	58605072	4	2	2	NaN
CBCP00055-T1	14	58605507	107283156	2	2	0	NaN
CBCP00055-T1	15	20084000	22657958	4	2	2	NaN
CBCP00055-T1	15	22691729	27773200	2	2	0	NaN
CBCP00055-T1	15	27773300	102506365	2	2	0	NaN
CBCP00055-T1	16	63000	49525100	4	2	2	NaN
CBCP00055-T1	16	49557441	65839600	2	2	0	NaN
CBCP00055-T1	16	66413400	90237900	4	2	2	NaN
CBCP00055-T1	17	5978	22066894	2	2	0	NaN
CBCP00055-T1	17	22252200	29815385	5	3	2	NaN
CBCP00055-T1	17	30469700	41584600	4	2	2	NaN
CBCP00055-T1	17	42786662	54892300	4	2	2	NaN
CBCP00055-T1	17	55918500	58512776	3	2	1	NaN
CBCP00055-T1	17	59969000	61864700	4	2	2	NaN
CBCP00055-T1	17	62543833	70120400	3	2	1	NaN
CBCP00055-T1	17	70120551	81187975	4	2	2	NaN
CBCP00055-T1	18	12905	29264300	3	3	0	NaN
CBCP00055-T1	18	29339800	78005200	2	2	0	NaN
CBCP00055-T1	19	107600	31770753	4	2	2	NaN
CBCP00055-T1	19	31840080	59093973	3	2	1	NaN
CBCP00055-T1	20	68264	21492700	4	2	2	NaN
CBCP00055-T1	20	21492900	31291800	5	3	2	NaN
CBCP00055-T1	20	31292400	32441200	3	2	1	NaN
CBCP00055-T1	20	32637001	34025700	9	7	2	NaN
CBCP00055-T1	20	35504700	37631500	3	2	1	NaN
CBCP00055-T1	20	37632500	42265800	2	2	0	NaN
CBCP00055-T1	20	42574400	48140635	2	2	0	NaN
CBCP00055-T1	20	49620783	50808093	2	2	0	NaN
CBCP00055-T1	20	60736539	61444974	8	6	2	NaN
CBCP00055-T1	20	61449141	62959200	5	3	2	NaN
CBCP00055-T1	21	9439400	22644000	3	2	1	NaN
CBCP00055-T1	21	22652800	37605400	3	2	1	NaN
CBCP00055-T1	21	37609495	48101000	4	2	2	NaN
CBCP00055-T1	22	16101300	51237300	2	1	1	NaN
CBCP00055-T1	23	2700027	12817300	1	1	0	NaN
CBCP00055-T1	23	13732708	16493200	3	2	1	NaN
CBCP00055-T1	23	34648600	46618096	2	1	1	NaN
CBCP00055-T1	23	49012600	55309200	2	1	1	NaN
CBCP00055-T1	23	55477800	154774707	4	2	2	NaN
