SampleID	Chromosome	Start_position	End_position	total_cn	A_cn	B_cn	ploidy
CBCP00036-T1	1	13100	12726317	2	1	1	NaN
CBCP00036-T1	1	12726700	120337200	2	1	1	NaN
CBCP00036-T1	1	120341103	156306900	2	1	1	NaN
CBCP00036-T1	1	156307822	211307200	2	1	1	NaN
CBCP00036-T1	1	211380770	249230900	3	2	1	NaN
CBCP00036-T1	2	41600	1168826	1	1	0	NaN
CBCP00036-T1	2	1204980	92129749	2	1	1	NaN
CBCP00036-T1	2	95480900	133070453	2	1	1	NaN
CBCP00036-T1	2	133074800	242193000	1	1	0	NaN
CBCP00036-T1	3	239347	197903900	2	1	1	NaN
CBCP00036-T1	4	53300	49063900	2	1	1	NaN
CBCP00036-T1	4	49165547	63376200	2	1	1	NaN
CBCP00036-T1	4	65008800	189061823	2	1	1	NaN
CBCP00036-T1	5	140700	180687800	2	1	1	NaN
CBCP00036-T1	6	106200	46129345	2	1	1	NaN
CBCP00036-T1	6	46133300	58287700	2	1	1	NaN
CBCP00036-T1	6	62442604	131949005	2	1	1	NaN
CBCP00036-T1	6	131949300	170892900	2	1	1	NaN
CBCP00036-T1	7	193222	57895044	2	1	1	NaN
CBCP00036-T1	7	62514784	159025800	2	1	1	NaN
CBCP00036-T1	8	163536	43053100	2	1	1	NaN
CBCP00036-T1	8	47697052	146278800	2	1	1	NaN
CBCP00036-T1	9	1051800	43010200	2	1	1	NaN
CBCP00036-T1	9	43163048	141071552	2	1	1	NaN
CBCP00036-T1	10	93287	5200059	2	1	1	NaN
CBCP00036-T1	10	5200800	38990600	2	1	1	NaN
CBCP00036-T1	10	42644845	85904700	2	1	1	NaN
CBCP00036-T1	10	85909900	135505900	2	1	1	NaN
CBCP00036-T1	11	134550	74799800	2	1	1	NaN
CBCP00036-T1	11	74800138	78614500	3	2	1	NaN
CBCP00036-T1	11	78615000	134856536	1	1	0	NaN
CBCP00036-T1	12	68500	133810900	2	1	1	NaN
CBCP00036-T1	13	19043000	115091400	2	1	1	NaN
CBCP00036-T1	14	19012600	22447000	2	1	1	NaN
CBCP00036-T1	14	22447401	22983000	0	0	0	NaN
CBCP00036-T1	14	22984586	24564123	2	1	1	NaN
CBCP00036-T1	14	24564200	55907220	3	2	1	NaN
CBCP00036-T1	14	56044101	107283200	2	1	1	NaN
CBCP00036-T1	15	20083900	40708422	2	1	1	NaN
CBCP00036-T1	15	40710400	45250600	2	1	1	NaN
CBCP00036-T1	15	45270700	102517900	2	1	1	NaN
CBCP00036-T1	16	67000	35133500	2	1	1	NaN
CBCP00036-T1	16	46532100	90237800	2	1	1	NaN
CBCP00036-T1	17	5994	22066800	2	1	1	NaN
CBCP00036-T1	17	25279500	54588067	2	1	1	NaN
CBCP00036-T1	17	60142600	81083600	2	1	1	NaN
CBCP00036-T1	18	118446	15271519	2	1	1	NaN
CBCP00036-T1	18	18550477	77941000	2	1	1	NaN
CBCP00036-T1	19	110700	59094043	2	1	1	NaN
CBCP00036-T1	20	68300	62959200	2	1	1	NaN
CBCP00036-T1	21	9439600	48084282	2	1	1	NaN
CBCP00036-T1	22	16101400	51237500	2	1	1	NaN
CBCP00036-T1	23	2700202	58012454	2	1	1	NaN
CBCP00036-T1	23	62570100	154774800	2	1	1	NaN
