SampleID	Chromosome	Start_position	End_position	total_cn	A_cn	B_cn	ploidy
CBCP00037-T1	1	13116	2576959	3	3	0	NaN
CBCP00037-T1	1	2583790	2706059	1	1	0	NaN
CBCP00037-T1	1	2938261	12837840	3	3	0	NaN
CBCP00037-T1	1	13141667	16567900	3	3	0	NaN
CBCP00037-T1	1	16577400	17281368	2	1	1	NaN
CBCP00037-T1	1	17281959	23420900	3	3	0	NaN
CBCP00037-T1	1	23519633	36926461	4	2	2	NaN
CBCP00037-T1	1	36927000	50885500	5	4	1	NaN
CBCP00037-T1	1	52828384	60300955	4	4	0	NaN
CBCP00037-T1	1	61331000	68962754	1	1	0	NaN
CBCP00037-T1	1	70034300	87194300	3	3	0	NaN
CBCP00037-T1	1	87200400	115007000	4	4	0	NaN
CBCP00037-T1	1	115053300	144868100	5	4	1	NaN
CBCP00037-T1	1	144868200	173174500	6	5	1	NaN
CBCP00037-T1	1	173176237	179310262	5	4	1	NaN
CBCP00037-T1	1	179498700	182642000	4	4	0	NaN
CBCP00037-T1	1	182763605	184853900	2	2	0	NaN
CBCP00037-T1	1	184859200	206858900	4	4	0	NaN
CBCP00037-T1	1	207495058	212616000	4	4	0	NaN
CBCP00037-T1	1	212617723	223179300	5	4	1	NaN
CBCP00037-T1	1	223284120	241663900	4	3	1	NaN
CBCP00037-T1	1	241665800	249231100	4	3	1	NaN
CBCP00037-T1	2	41602	10332700	4	2	2	NaN
CBCP00037-T1	2	10350679	27382008	1	1	0	NaN
CBCP00037-T1	2	27423279	29225502	3	2	1	NaN
CBCP00037-T1	2	29226417	38604400	4	2	2	NaN
CBCP00037-T1	2	38709100	69642390	5	3	2	NaN
CBCP00037-T1	2	69646800	89553247	4	2	2	NaN
CBCP00037-T1	2	89850601	89952996	1	1	0	NaN
CBCP00037-T1	2	89975900	96680861	4	2	2	NaN
CBCP00037-T1	2	96684900	113343918	3	3	0	NaN
CBCP00037-T1	2	113346600	125623000	4	4	0	NaN
CBCP00037-T1	2	125627172	135119900	2	2	0	NaN
CBCP00037-T1	2	135160755	152230100	5	3	2	NaN
CBCP00037-T1	2	152235900	155092700	6	4	2	NaN
CBCP00037-T1	2	155098600	197008300	4	2	2	NaN
CBCP00037-T1	2	197010782	225342900	2	2	0	NaN
CBCP00037-T1	2	225360700	242193000	5	3	2	NaN
CBCP00037-T1	3	239400	25650700	4	4	0	NaN
CBCP00037-T1	3	25651232	48732900	3	3	0	NaN
CBCP00037-T1	3	48752700	87276699	3	3	0	NaN
CBCP00037-T1	3	97591153	188327555	5	5	0	NaN
CBCP00037-T1	3	188426077	197903900	3	3	0	NaN
CBCP00037-T1	4	47658	1020644	1	1	0	NaN
CBCP00037-T1	4	1050300	10444854	3	2	1	NaN
CBCP00037-T1	4	10445300	30132895	1	1	0	NaN
CBCP00037-T1	4	30279532	149357800	5	3	2	NaN
CBCP00037-T1	4	151000100	190982900	2	2	0	NaN
CBCP00037-T1	5	140500	13891200	5	4	1	NaN
CBCP00037-T1	5	13894894	53467800	3	2	1	NaN
CBCP00037-T1	5	53606295	67590500	1	1	0	NaN
CBCP00037-T1	5	67591221	132648472	2	2	0	NaN
CBCP00037-T1	5	132652378	137089100	4	2	2	NaN
CBCP00037-T1	5	137878500	169535660	3	3	0	NaN
CBCP00037-T1	5	169568200	180687700	4	2	2	NaN
CBCP00037-T1	6	152700	17987700	3	3	0	NaN
CBCP00037-T1	6	18121595	26638700	7	4	3	NaN
CBCP00037-T1	6	26846600	35392578	5	3	2	NaN
CBCP00037-T1	6	35393900	79607900	5	3	2	NaN
CBCP00037-T1	6	79612800	90642280	5	3	2	NaN
CBCP00037-T1	6	92231400	113543835	6	4	2	NaN
CBCP00037-T1	6	122793033	149730900	7	5	2	NaN
CBCP00037-T1	6	149771932	170949300	4	2	2	NaN
CBCP00037-T1	7	193200	20431049	4	4	0	NaN
CBCP00037-T1	7	20434600	38385158	3	3	0	NaN
CBCP00037-T1	7	38388890	38393712	0	0	0	NaN
CBCP00037-T1	7	38397930	45753300	3	3	0	NaN
CBCP00037-T1	7	45798700	63475439	3	3	0	NaN
CBCP00037-T1	7	63475800	65706000	3	2	1	NaN
CBCP00037-T1	7	65751500	102120662	3	3	0	NaN
CBCP00037-T1	7	102136500	132720185	3	3	0	NaN
CBCP00037-T1	7	133876400	159025800	3	3	0	NaN
CBCP00037-T1	8	163553	11970600	3	3	0	NaN
CBCP00037-T1	8	11986000	12216917	0	0	0	NaN
CBCP00037-T1	8	12216977	28040712	3	3	0	NaN
CBCP00037-T1	8	28047100	30469811	1	1	0	NaN
CBCP00037-T1	8	30922500	49833841	4	2	2	NaN
CBCP00037-T1	8	49985400	57876500	4	2	2	NaN
CBCP00037-T1	8	57878800	77617900	2	2	0	NaN
CBCP00037-T1	8	77618200	104240300	6	4	2	NaN
CBCP00037-T1	8	105727220	121583533	6	4	2	NaN
CBCP00037-T1	8	121587349	143447300	9	5	4	NaN
CBCP00037-T1	8	143545700	145656000	7	4	3	NaN
CBCP00037-T1	8	145656500	146279400	8	5	3	NaN
CBCP00037-T1	9	12200	6540200	6	5	1	NaN
CBCP00037-T1	9	6551086	32974400	5	4	1	NaN
CBCP00037-T1	9	32984600	79013800	4	2	2	NaN
CBCP00037-T1	9	79014000	102783113	4	3	1	NaN
CBCP00037-T1	9	102784400	141071518	3	2	1	NaN
CBCP00037-T1	10	93200	33217200	3	3	0	NaN
CBCP00037-T1	10	38776500	42381664	1	1	0	NaN
CBCP00037-T1	10	42398700	93668184	3	2	1	NaN
CBCP00037-T1	10	93668700	104572682	4	2	2	NaN
CBCP00037-T1	10	104572963	106401600	4	2	2	NaN
CBCP00037-T1	10	106581693	119805600	2	2	0	NaN
CBCP00037-T1	10	121632120	135505800	2	2	0	NaN
CBCP00037-T1	11	214544	11643200	3	2	1	NaN
CBCP00037-T1	11	11678300	78614324	3	2	1	NaN
CBCP00037-T1	11	84245584	92088600	3	2	1	NaN
CBCP00037-T1	11	92099800	124006828	3	3	0	NaN
CBCP00037-T1	11	124007400	134856661	2	2	0	NaN
CBCP00037-T1	12	148600	133811000	3	3	0	NaN
CBCP00037-T1	13	19042402	74269900	3	3	0	NaN
CBCP00037-T1	13	74289700	99907215	6	6	0	NaN
CBCP00037-T1	13	99907608	115091500	7	7	0	NaN
CBCP00037-T1	14	20470300	24569600	4	4	0	NaN
CBCP00037-T1	14	24571900	32328412	3	3	0	NaN
CBCP00037-T1	14	32414265	62463100	4	4	0	NaN
CBCP00037-T1	14	62536400	82383573	3	3	0	NaN
CBCP00037-T1	14	83159052	101138400	4	4	0	NaN
CBCP00037-T1	14	102019000	103987554	4	4	0	NaN
CBCP00037-T1	14	103988700	107219215	6	6	0	NaN
CBCP00037-T1	15	20083900	25959099	4	2	2	NaN
CBCP00037-T1	15	26260477	36905707	2	2	0	NaN
CBCP00037-T1	15	36906211	76696991	3	3	0	NaN
CBCP00037-T1	15	76726465	102517900	5	3	2	NaN
CBCP00037-T1	16	61730	24888600	4	3	1	NaN
CBCP00037-T1	16	24895400	46435400	5	3	2	NaN
CBCP00037-T1	16	46508314	53945351	4	2	2	NaN
CBCP00037-T1	16	53968000	70871700	3	3	0	NaN
CBCP00037-T1	16	71209504	82033344	3	3	0	NaN
CBCP00037-T1	16	82882283	88767600	5	3	2	NaN
CBCP00037-T1	16	88772600	89805600	5	3	2	NaN
CBCP00037-T1	17	6200	20320896	3	3	0	NaN
CBCP00037-T1	17	20330233	20358787	0	0	0	NaN
CBCP00037-T1	17	21194771	21557017	3	2	1	NaN
CBCP00037-T1	17	21560693	38905631	2	2	0	NaN
CBCP00037-T1	17	38906718	78599600	4	4	0	NaN
CBCP00037-T1	17	78681579	81188100	3	3	0	NaN
CBCP00037-T1	18	12905	19780500	4	2	2	NaN
CBCP00037-T1	18	19994600	40850400	5	3	2	NaN
CBCP00037-T1	18	40850605	71797752	5	3	2	NaN
CBCP00037-T1	18	71803000	78005200	6	4	2	NaN
CBCP00037-T1	19	110800	1754900	2	2	0	NaN
CBCP00037-T1	19	1775293	24346032	3	3	0	NaN
CBCP00037-T1	19	24601725	40370700	2	2	0	NaN
CBCP00037-T1	19	40373890	40382866	0	0	0	NaN
CBCP00037-T1	19	40384000	51159700	2	2	0	NaN
CBCP00037-T1	19	51161207	59110400	3	3	0	NaN
CBCP00037-T1	20	68400	1963600	2	2	0	NaN
CBCP00037-T1	20	2082674	8737958	4	2	2	NaN
CBCP00037-T1	20	8741188	35415100	5	3	2	NaN
CBCP00037-T1	20	35539600	62959200	4	2	2	NaN
CBCP00037-T1	21	9439600	30252000	3	3	0	NaN
CBCP00037-T1	21	30254600	48084340	4	4	0	NaN
CBCP00037-T1	22	16076100	17578000	3	3	0	NaN
CBCP00037-T1	22	17578600	20343500	4	4	0	NaN
CBCP00037-T1	22	20378808	20402404	0	0	0	NaN
CBCP00037-T1	22	20709900	20715172	0	0	0	NaN
CBCP00037-T1	22	20715433	41513727	4	4	0	NaN
CBCP00037-T1	22	41522000	51237500	3	3	0	NaN
CBCP00037-T1	23	2700027	47775300	2	2	0	NaN
CBCP00037-T1	23	47775700	123034500	3	3	0	NaN
CBCP00037-T1	23	123156400	154157300	2	2	0	NaN
