SampleID	Chromosome	Start_position	End_position	total_cn	A_cn	B_cn	ploidy
CBCP00070-T1	1	13118	249231000	2	1	1	NaN
CBCP00070-T1	2	41509	92129749	2	1	1	NaN
CBCP00070-T1	2	95481100	242193000	2	1	1	NaN
CBCP00070-T1	3	239500	197903900	2	1	1	NaN
CBCP00070-T1	4	49792	49046800	2	1	1	NaN
CBCP00070-T1	4	49165547	190981500	2	1	1	NaN
CBCP00070-T1	5	140532	180687700	2	1	1	NaN
CBCP00070-T1	6	152800	58287632	2	1	1	NaN
CBCP00070-T1	6	62390916	170949200	2	1	1	NaN
CBCP00070-T1	7	193222	159025400	2	1	1	NaN
CBCP00070-T1	8	116700	146279400	2	1	1	NaN
CBCP00070-T1	9	12100	141071552	2	1	1	NaN
CBCP00070-T1	10	93300	38990245	2	1	1	NaN
CBCP00070-T1	10	42644772	135505800	2	1	1	NaN
CBCP00070-T1	11	87000	134856700	2	1	1	NaN
CBCP00070-T1	12	68326	133811000	2	1	1	NaN
CBCP00070-T1	13	19043012	115091700	2	1	1	NaN
CBCP00070-T1	14	19012600	107282963	2	1	1	NaN
CBCP00070-T1	15	20083900	102416626	2	1	1	NaN
CBCP00070-T1	16	67100	34682159	2	1	1	NaN
CBCP00070-T1	16	46508314	57965720	2	1	1	NaN
CBCP00070-T1	16	57973200	90233300	1	1	0	NaN
CBCP00070-T1	17	6157	22066800	2	1	1	NaN
CBCP00070-T1	17	25309000	81187950	2	1	1	NaN
CBCP00070-T1	18	12905	15325900	2	1	1	NaN
CBCP00070-T1	18	18531400	77960700	2	1	1	NaN
CBCP00070-T1	19	107600	24310600	2	1	1	NaN
CBCP00070-T1	19	28454294	59094043	2	1	1	NaN
CBCP00070-T1	20	68400	62959131	2	1	1	NaN
CBCP00070-T1	21	9439600	48100900	2	1	1	NaN
CBCP00070-T1	22	16123300	51237500	2	1	1	NaN
CBCP00070-T1	23	2700027	58012200	2	1	1	NaN
CBCP00070-T1	23	61999700	154774900	2	1	1	NaN
