SampleID	Chromosome	Start_position	End_position	total_cn	A_cn	B_cn	ploidy
CBCP00060-T1	1	13380	144812018	2	1	1	NaN
CBCP00060-T1	1	144813789	249231100	3	2	1	NaN
CBCP00060-T1	2	41509	242193000	2	1	1	NaN
CBCP00060-T1	3	239300	197904000	2	1	1	NaN
CBCP00060-T1	4	49792	191033600	2	1	1	NaN
CBCP00060-T1	5	140474	180687700	2	1	1	NaN
CBCP00060-T1	6	203500	14135400	1	1	0	NaN
CBCP00060-T1	6	15246800	32333439	3	2	1	NaN
CBCP00060-T1	6	32333784	43742200	3	2	1	NaN
CBCP00060-T1	6	43745300	58287632	3	2	1	NaN
CBCP00060-T1	6	58776262	64694354	1	1	0	NaN
CBCP00060-T1	6	64708907	102337600	1	1	0	NaN
CBCP00060-T1	6	107390100	170949200	1	1	0	NaN
CBCP00060-T1	7	193245	159025751	2	1	1	NaN
CBCP00060-T1	8	163553	11970600	1	1	0	NaN
CBCP00060-T1	8	11985810	12231884	0	0	0	NaN
CBCP00060-T1	8	12232269	31030535	1	1	0	NaN
CBCP00060-T1	8	31497044	146279396	2	1	1	NaN
CBCP00060-T1	9	12100	141071500	2	1	1	NaN
CBCP00060-T1	10	93257	127668317	2	1	1	NaN
CBCP00060-T1	10	127668610	135505800	1	1	0	NaN
CBCP00060-T1	11	87000	134856700	2	1	1	NaN
CBCP00060-T1	12	68500	133811118	2	1	1	NaN
CBCP00060-T1	13	19043000	41556100	2	1	1	NaN
CBCP00060-T1	13	41635056	115091726	1	1	0	NaN
CBCP00060-T1	14	19110433	34400500	1	1	0	NaN
CBCP00060-T1	14	34419747	107283009	2	1	1	NaN
CBCP00060-T1	15	20083803	102518000	2	1	1	NaN
CBCP00060-T1	16	63000	90237872	2	1	1	NaN
CBCP00060-T1	17	6157	21198972	1	1	0	NaN
CBCP00060-T1	17	21199277	81083660	2	1	1	NaN
CBCP00060-T1	18	12905	78005200	2	1	1	NaN
CBCP00060-T1	19	107600	59093600	2	1	1	NaN
CBCP00060-T1	20	68205	62959300	2	1	1	NaN
CBCP00060-T1	21	9439600	48100900	2	1	1	NaN
CBCP00060-T1	22	16101300	51237500	2	1	1	NaN
CBCP00060-T1	23	2700027	154774900	2	1	1	NaN
