SampleID	Chromosome	Start_position	End_position	total_cn	A_cn	B_cn	ploidy
CBCP00257-T1	1	13110	89273241	3	2	1	NaN
CBCP00257-T1	1	103343600	117568400	3	2	1	NaN
CBCP00257-T1	1	117576612	156354400	4	2	2	NaN
CBCP00257-T1	1	156354700	159409600	3	2	1	NaN
CBCP00257-T1	1	159785200	161519600	5	2	3	NaN
CBCP00257-T1	1	161559361	162825258	7	5	2	NaN
CBCP00257-T1	1	165601365	171116760	3	2	1	NaN
CBCP00257-T1	1	171118840	174210800	6	4	2	NaN
CBCP00257-T1	1	174219699	235658253	4	2	2	NaN
CBCP00257-T1	1	235667600	247695500	5	3	2	NaN
CBCP00257-T1	1	247695800	249231100	4	2	2	NaN
CBCP00257-T1	2	14300	19552100	3	2	1	NaN
CBCP00257-T1	2	19552955	91894000	4	2	2	NaN
CBCP00257-T1	2	91894200	157189000	3	2	1	NaN
CBCP00257-T1	2	157352100	184472800	4	2	2	NaN
CBCP00257-T1	2	191300900	242193000	3	2	1	NaN
CBCP00257-T1	3	239347	9896360	3	2	1	NaN
CBCP00257-T1	3	11468400	11712700	1	1	0	NaN
CBCP00257-T1	3	11848878	13363842	11	10	1	NaN
CBCP00257-T1	3	13364800	31641900	3	2	1	NaN
CBCP00257-T1	3	31656700	114070600	2	1	1	NaN
CBCP00257-T1	3	114070800	197903984	3	2	1	NaN
CBCP00257-T1	4	53300	76571600	4	2	2	NaN
CBCP00257-T1	4	76579200	190982900	3	2	1	NaN
CBCP00257-T1	5	140600	45645400	3	2	1	NaN
CBCP00257-T1	5	45695900	67522722	1	1	0	NaN
CBCP00257-T1	5	67535789	100238400	2	2	0	NaN
CBCP00257-T1	5	101312316	180687700	3	3	0	NaN
CBCP00257-T1	6	152700	72086780	3	2	1	NaN
CBCP00257-T1	6	74473400	85454000	7	5	2	NaN
CBCP00257-T1	6	89324000	110991811	3	2	1	NaN
CBCP00257-T1	6	113543675	128563800	3	3	0	NaN
CBCP00257-T1	6	128643194	161557662	3	2	1	NaN
CBCP00257-T1	6	161560700	170949200	2	2	0	NaN
CBCP00257-T1	7	193254	30825603	3	2	1	NaN
CBCP00257-T1	7	30830900	82585002	4	2	2	NaN
CBCP00257-T1	7	82585400	159025751	3	2	1	NaN
CBCP00257-T1	8	163370	28747300	1	1	0	NaN
CBCP00257-T1	8	30601900	36925385	1	1	0	NaN
CBCP00257-T1	8	37333346	39792700	11	11	0	NaN
CBCP00257-T1	8	42026393	59490700	4	2	2	NaN
CBCP00257-T1	8	59492200	68255500	7	5	2	NaN
CBCP00257-T1	8	71553200	146279400	5	3	2	NaN
CBCP00257-T1	9	172000	33602700	2	1	1	NaN
CBCP00257-T1	9	33613770	34458100	2	1	1	NaN
CBCP00257-T1	9	34459100	37486800	3	2	1	NaN
CBCP00257-T1	9	37487800	70711641	3	2	1	NaN
CBCP00257-T1	9	70731938	93932000	2	2	0	NaN
CBCP00257-T1	9	95258800	123007200	2	2	0	NaN
CBCP00257-T1	9	123199600	128711700	3	2	1	NaN
CBCP00257-T1	9	128723100	137809600	2	2	0	NaN
CBCP00257-T1	9	137967701	141071700	4	2	2	NaN
CBCP00257-T1	10	93300	17373569	3	2	1	NaN
CBCP00257-T1	10	23287500	43659300	3	2	1	NaN
CBCP00257-T1	10	43659536	49944249	6	3	3	NaN
CBCP00257-T1	10	49951078	80310400	3	2	1	NaN
CBCP00257-T1	10	80763534	83635200	6	4	2	NaN
CBCP00257-T1	10	83635600	135505900	3	2	1	NaN
CBCP00257-T1	11	134600	451500	4	2	2	NaN
CBCP00257-T1	11	460200	883079	6	4	2	NaN
CBCP00257-T1	11	884000	9005491	2	2	0	NaN
CBCP00257-T1	11	10673800	22291892	2	2	0	NaN
CBCP00257-T1	11	22294500	35006283	4	2	2	NaN
CBCP00257-T1	11	46742249	65294434	2	2	0	NaN
CBCP00257-T1	11	65320780	68777275	3	2	1	NaN
CBCP00257-T1	11	68816500	70858464	20	19	1	NaN
CBCP00257-T1	11	71118788	75827250	5	4	1	NaN
CBCP00257-T1	11	75848308	78780800	7	6	1	NaN
CBCP00257-T1	11	79113178	82444752	1	1	0	NaN
CBCP00257-T1	11	82868600	89956178	3	3	0	NaN
CBCP00257-T1	11	90015878	92718105	1	1	0	NaN
CBCP00257-T1	11	100730109	134856536	2	1	1	NaN
CBCP00257-T1	12	86500	50264300	4	2	2	NaN
CBCP00257-T1	12	50271497	110207100	3	2	1	NaN
CBCP00257-T1	12	110221639	133780024	2	2	0	NaN
CBCP00257-T1	13	19043055	26043182	2	1	1	NaN
CBCP00257-T1	13	26104200	31736308	6	5	1	NaN
CBCP00257-T1	13	31822100	115091600	2	1	1	NaN
CBCP00257-T1	14	19110231	21109505	2	1	1	NaN
CBCP00257-T1	14	21109800	24042100	3	2	1	NaN
CBCP00257-T1	14	24044714	69588900	2	1	1	NaN
CBCP00257-T1	14	70125400	107282963	2	1	1	NaN
CBCP00257-T1	15	20083803	102518100	4	2	2	NaN
CBCP00257-T1	16	63132	1756600	4	2	2	NaN
CBCP00257-T1	16	1774600	2173400	3	2	1	NaN
CBCP00257-T1	16	2198800	28734500	4	2	2	NaN
CBCP00257-T1	16	28734900	90237798	3	2	1	NaN
CBCP00257-T1	17	5978	21191300	2	2	0	NaN
CBCP00257-T1	17	21194771	28530200	3	2	1	NaN
CBCP00257-T1	17	28534828	38721500	2	2	0	NaN
CBCP00257-T1	17	39080700	46265200	2	2	0	NaN
CBCP00257-T1	17	46266849	47785600	6	6	0	NaN
CBCP00257-T1	17	47788800	48940422	3	3	0	NaN
CBCP00257-T1	17	48940900	56439930	7	7	0	NaN
CBCP00257-T1	17	58286977	60865800	8	5	3	NaN
CBCP00257-T1	17	61600717	62158200	18	11	7	NaN
CBCP00257-T1	17	70119100	73518121	1	1	0	NaN
CBCP00257-T1	17	73519413	74944700	4	3	1	NaN
CBCP00257-T1	17	75085322	78272370	2	1	1	NaN
CBCP00257-T1	17	78280174	80521200	3	2	1	NaN
CBCP00257-T1	17	80525900	80972209	1	1	0	NaN
CBCP00257-T1	18	12863	18515000	2	2	0	NaN
CBCP00257-T1	18	18516250	34233231	3	2	1	NaN
CBCP00257-T1	18	38564031	78005300	1	1	0	NaN
CBCP00257-T1	19	110700	15989800	2	2	0	NaN
CBCP00257-T1	19	15990200	23675300	3	2	1	NaN
CBCP00257-T1	19	23675561	38376000	2	2	0	NaN
CBCP00257-T1	19	38376225	39019400	4	2	2	NaN
CBCP00257-T1	19	39023100	40511935	8	6	2	NaN
CBCP00257-T1	19	41125310	41962400	3	3	0	NaN
CBCP00257-T1	19	42012498	42947000	9	6	3	NaN
CBCP00257-T1	19	43009500	43586900	3	3	0	NaN
CBCP00257-T1	19	43593421	44500900	8	5	3	NaN
CBCP00257-T1	19	44739300	45513100	6	4	2	NaN
CBCP00257-T1	19	45515435	49391500	3	3	0	NaN
CBCP00257-T1	19	49398300	49714800	5	3	2	NaN
CBCP00257-T1	19	49973700	50666389	8	5	3	NaN
CBCP00257-T1	19	50713600	51981792	3	3	0	NaN
CBCP00257-T1	19	51983700	52132300	5	3	2	NaN
CBCP00257-T1	19	52132741	54081200	7	5	2	NaN
CBCP00257-T1	19	54104457	57641700	5	3	2	NaN
CBCP00257-T1	19	57641799	58490400	3	3	0	NaN
CBCP00257-T1	19	58491000	59093700	7	4	3	NaN
CBCP00257-T1	20	68400	60578100	3	2	1	NaN
CBCP00257-T1	20	60578725	62959300	4	2	2	NaN
CBCP00257-T1	21	9439500	32201900	1	1	0	NaN
CBCP00257-T1	21	34399200	38081700	4	4	0	NaN
CBCP00257-T1	21	38085000	43735722	2	2	0	NaN
CBCP00257-T1	21	43766560	45743594	4	4	0	NaN
CBCP00257-T1	21	45744351	48101000	5	4	1	NaN
CBCP00257-T1	22	16123200	51237500	4	2	2	NaN
CBCP00257-T1	23	2700194	61719800	3	2	1	NaN
CBCP00257-T1	23	61721000	129629500	2	2	0	NaN
CBCP00257-T1	23	134743500	136066661	3	2	1	NaN
CBCP00257-T1	23	136067900	151999200	1	1	0	NaN
CBCP00257-T1	23	152872061	154774700	11	10	1	NaN
