SampleID	Chromosome	Start_position	End_position	total_cn	A_cn	B_cn	ploidy
CBCP00028-T1	1	13116	1724719	2	2	0	NaN
CBCP00028-T1	1	1735834	10165500	1	1	0	NaN
CBCP00028-T1	1	10165900	11766300	2	2	0	NaN
CBCP00028-T1	1	11769400	12726600	1	1	0	NaN
CBCP00028-T1	1	12776344	15717700	2	1	1	NaN
CBCP00028-T1	1	15723843	22816800	1	1	0	NaN
CBCP00028-T1	1	22817167	72740634	3	2	1	NaN
CBCP00028-T1	1	72740659	81969200	2	1	1	NaN
CBCP00028-T1	1	82302700	96488100	1	1	0	NaN
CBCP00028-T1	1	96884194	109822750	2	1	1	NaN
CBCP00028-T1	1	109823200	116952700	1	1	0	NaN
CBCP00028-T1	1	119441587	144904900	1	1	0	NaN
CBCP00028-T1	1	144906154	147931300	2	1	1	NaN
CBCP00028-T1	1	147955406	148193600	0	0	0	NaN
CBCP00028-T1	1	148193700	173795820	2	1	1	NaN
CBCP00028-T1	1	173797600	249231062	3	2	1	NaN
CBCP00028-T1	2	41600	179615100	2	1	1	NaN
CBCP00028-T1	2	181803975	236715900	2	1	1	NaN
CBCP00028-T1	2	236792100	241079400	1	1	0	NaN
CBCP00028-T1	3	239347	36940600	2	2	0	NaN
CBCP00028-T1	3	37032900	85008800	1	1	0	NaN
CBCP00028-T1	3	85156600	127107000	2	1	1	NaN
CBCP00028-T1	3	127292500	127965900	1	1	0	NaN
CBCP00028-T1	3	127981000	197904000	2	1	1	NaN
CBCP00028-T1	4	47658	38682300	2	2	0	NaN
CBCP00028-T1	4	38690500	52714442	1	1	0	NaN
CBCP00028-T1	4	52729800	184243189	2	1	1	NaN
CBCP00028-T1	4	184243600	190982900	1	1	0	NaN
CBCP00028-T1	5	140600	49438500	1	1	0	NaN
CBCP00028-T1	5	49439427	53751620	2	1	1	NaN
CBCP00028-T1	5	53751988	54804700	1	1	0	NaN
CBCP00028-T1	5	54922300	55297500	0	0	0	NaN
CBCP00028-T1	5	55396074	58147200	1	1	0	NaN
CBCP00028-T1	5	58270500	139251400	2	1	1	NaN
CBCP00028-T1	5	139260600	180687800	3	2	1	NaN
CBCP00028-T1	6	106200	8102900	1	1	0	NaN
CBCP00028-T1	6	8411800	33967700	2	1	1	NaN
CBCP00028-T1	6	35212600	64325976	2	1	1	NaN
CBCP00028-T1	6	64356600	170949200	1	1	0	NaN
CBCP00028-T1	7	193200	12727826	3	2	1	NaN
CBCP00028-T1	7	13935600	37780200	4	2	2	NaN
CBCP00028-T1	7	37780626	47323456	3	2	1	NaN
CBCP00028-T1	7	47331600	66785029	2	1	1	NaN
CBCP00028-T1	7	68105929	86848730	3	2	1	NaN
CBCP00028-T1	7	86978500	100334145	2	2	0	NaN
CBCP00028-T1	7	100334263	102898900	1	1	0	NaN
CBCP00028-T1	7	102916000	159025800	2	2	0	NaN
CBCP00028-T1	8	163395	52370200	2	1	1	NaN
CBCP00028-T1	8	52384800	146279349	3	2	1	NaN
CBCP00028-T1	9	12200	6893200	2	2	0	NaN
CBCP00028-T1	9	6981100	24543400	1	1	0	NaN
CBCP00028-T1	9	24543732	141071818	2	1	1	NaN
CBCP00028-T1	10	93287	1569000	1	1	0	NaN
CBCP00028-T1	10	1598800	22171600	2	1	1	NaN
CBCP00028-T1	10	22193600	32740905	1	1	0	NaN
CBCP00028-T1	10	32742307	38740353	2	1	1	NaN
CBCP00028-T1	10	38776500	42831643	1	1	0	NaN
CBCP00028-T1	10	42831804	135506000	2	1	1	NaN
CBCP00028-T1	11	87000	14157055	1	1	0	NaN
CBCP00028-T1	11	14246400	18421200	3	2	1	NaN
CBCP00028-T1	11	21594900	28352354	2	1	1	NaN
CBCP00028-T1	11	30032474	44636839	3	2	1	NaN
CBCP00028-T1	11	44639800	63149800	2	1	1	NaN
CBCP00028-T1	11	63676700	65488000	2	1	1	NaN
CBCP00028-T1	11	65495200	67288500	3	2	1	NaN
CBCP00028-T1	11	68031284	71628800	4	3	1	NaN
CBCP00028-T1	11	74982600	77024600	3	2	1	NaN
CBCP00028-T1	11	77034200	134856661	1	1	0	NaN
CBCP00028-T1	12	68400	65857000	2	1	1	NaN
CBCP00028-T1	12	65881800	96052900	3	2	1	NaN
CBCP00028-T1	12	96059700	133182818	2	2	0	NaN
CBCP00028-T1	12	133195500	133811000	1	1	0	NaN
CBCP00028-T1	13	19042402	32057500	2	1	1	NaN
CBCP00028-T1	13	32313700	32768423	1	1	0	NaN
CBCP00028-T1	13	32776060	33020500	0	0	0	NaN
CBCP00028-T1	13	33052100	51949100	1	1	0	NaN
CBCP00028-T1	13	51950300	100191800	2	1	1	NaN
CBCP00028-T1	13	100193000	115091700	1	1	0	NaN
CBCP00028-T1	14	19008100	24520000	2	1	1	NaN
CBCP00028-T1	14	24520196	24711500	1	1	0	NaN
CBCP00028-T1	14	24718600	61446546	2	1	1	NaN
CBCP00028-T1	14	61447488	107283000	1	1	0	NaN
CBCP00028-T1	15	20025800	30665260	2	1	1	NaN
CBCP00028-T1	15	30700200	56535400	1	1	0	NaN
CBCP00028-T1	15	56657900	102518000	2	1	1	NaN
CBCP00028-T1	16	61730	33853800	3	2	1	NaN
CBCP00028-T1	16	46534798	90233300	2	2	0	NaN
CBCP00028-T1	17	5994	25264800	1	1	0	NaN
CBCP00028-T1	17	25265099	81083500	2	1	1	NaN
CBCP00028-T1	18	12916	78005200	2	1	1	NaN
CBCP00028-T1	19	107600	7448258	2	1	1	NaN
CBCP00028-T1	19	7505100	7755285	1	1	0	NaN
CBCP00028-T1	19	7761685	59110400	2	1	1	NaN
CBCP00028-T1	20	68300	33470694	2	1	1	NaN
CBCP00028-T1	20	33666000	55012600	2	1	1	NaN
CBCP00028-T1	20	55021000	62959200	3	2	1	NaN
CBCP00028-T1	21	9439600	42080727	2	1	1	NaN
CBCP00028-T1	21	42540356	48101000	3	2	1	NaN
CBCP00028-T1	22	16101400	27456300	2	1	1	NaN
CBCP00028-T1	22	28147000	51237410	1	1	0	NaN
CBCP00028-T1	23	2700202	149114195	1	1	0	NaN
CBCP00028-T1	23	149282672	154774700	2	2	0	NaN
