SampleID	Chromosome	Start_position	End_position	total_cn	A_cn	B_cn	ploidy
CBCP00018-T1	1	13300	144811805	1	1	0	NaN
CBCP00018-T1	1	144813824	249231100	5	4	1	NaN
CBCP00018-T1	2	14300	242193000	2	1	1	NaN
CBCP00018-T1	3	239588	197904000	2	1	1	NaN
CBCP00018-T1	4	47658	191028500	1	1	0	NaN
CBCP00018-T1	5	140500	180687700	2	1	1	NaN
CBCP00018-T1	6	152800	170949200	1	1	0	NaN
CBCP00018-T1	7	193254	159026034	3	2	1	NaN
CBCP00018-T1	8	116600	146279349	2	1	1	NaN
CBCP00018-T1	9	12033	141124334	2	1	1	NaN
CBCP00018-T1	10	93300	135506000	2	1	1	NaN
CBCP00018-T1	11	87000	134856707	2	1	1	NaN
CBCP00018-T1	12	68100	133811100	2	1	1	NaN
CBCP00018-T1	13	19042295	115091600	2	1	1	NaN
CBCP00018-T1	14	19008080	107283274	2	1	1	NaN
CBCP00018-T1	15	20006716	102518100	2	1	1	NaN
CBCP00018-T1	16	66900	32046700	4	3	1	NaN
CBCP00018-T1	16	32063435	46428000	3	2	1	NaN
CBCP00018-T1	16	46428320	70871600	1	1	0	NaN
CBCP00018-T1	16	71209731	90232838	1	1	0	NaN
CBCP00018-T1	17	6200	81188023	2	1	1	NaN
CBCP00018-T1	18	12916	77960800	2	1	1	NaN
CBCP00018-T1	19	107500	59110500	1	1	0	NaN
CBCP00018-T1	20	68300	62959200	2	1	1	NaN
CBCP00018-T1	21	9439500	48101000	2	1	1	NaN
CBCP00018-T1	22	16101400	51237364	1	1	0	NaN
CBCP00018-T1	23	2700027	154774800	2	1	1	NaN
