SampleID	Chromosome	Start_position	End_position	total_cn	A_cn	B_cn	ploidy
CBCP00111-T1	1	13500	249239800	2	1	1	NaN
CBCP00111-T1	2	45521	132914587	2	1	1	NaN
CBCP00111-T1	2	132996620	133174600	0	0	0	NaN
CBCP00111-T1	2	133175056	242192881	2	1	1	NaN
CBCP00111-T1	3	239500	197896697	2	1	1	NaN
CBCP00111-T1	4	47658	49030700	2	1	1	NaN
CBCP00111-T1	4	49094100	49652600	0	0	0	NaN
CBCP00111-T1	4	52714442	191028500	2	1	1	NaN
CBCP00111-T1	5	140636	180687100	2	1	1	NaN
CBCP00111-T1	6	203600	170892556	2	1	1	NaN
CBCP00111-T1	7	35485	159025800	2	1	1	NaN
CBCP00111-T1	8	183100	146278662	2	1	1	NaN
CBCP00111-T1	9	117800	141071700	2	1	1	NaN
CBCP00111-T1	10	93387	38654400	2	1	1	NaN
CBCP00111-T1	10	38737400	42681000	0	0	0	NaN
CBCP00111-T1	10	42681200	135505900	2	1	1	NaN
CBCP00111-T1	11	193211	134856661	2	1	1	NaN
CBCP00111-T1	12	86569	133811000	2	1	1	NaN
CBCP00111-T1	13	24797600	33332800	1	1	0	NaN
CBCP00111-T1	13	33334800	115091000	2	1	1	NaN
CBCP00111-T1	14	19010559	107283122	2	1	1	NaN
CBCP00111-T1	15	20083900	102517700	2	1	1	NaN
CBCP00111-T1	16	67000	33784300	2	1	1	NaN
CBCP00111-T1	16	33784710	35239700	0	0	0	NaN
CBCP00111-T1	16	46387500	46597882	0	0	0	NaN
CBCP00111-T1	16	46598134	90168700	2	1	1	NaN
CBCP00111-T1	17	6157	37455300	2	1	1	NaN
CBCP00111-T1	17	37457342	38449800	0	0	0	NaN
CBCP00111-T1	17	38450248	81187950	2	1	1	NaN
CBCP00111-T1	18	12900	77941019	2	1	1	NaN
CBCP00111-T1	19	156800	59094043	2	1	1	NaN
CBCP00111-T1	20	77025	62959200	2	1	1	NaN
CBCP00111-T1	21	9439600	48084300	2	1	1	NaN
CBCP00111-T1	22	16123300	51219006	2	1	1	NaN
CBCP00111-T1	23	2700089	154754142	2	1	1	NaN
