SampleID	Chromosome	Start_position	End_position	total_cn	A_cn	B_cn	ploidy
CBCP00261-T1	1	13273	249231062	2	1	1	NaN
CBCP00261-T1	2	41600	242192700	2	1	1	NaN
CBCP00261-T1	3	239500	197903900	2	1	1	NaN
CBCP00261-T1	4	53214	5990250	3	2	1	NaN
CBCP00261-T1	4	5990500	10586600	4	3	1	NaN
CBCP00261-T1	4	10669522	65298651	2	1	1	NaN
CBCP00261-T1	4	65299177	78034600	3	3	0	NaN
CBCP00261-T1	4	78079768	191033600	2	1	1	NaN
CBCP00261-T1	5	140636	53815560	2	1	1	NaN
CBCP00261-T1	5	56111445	180687800	2	1	1	NaN
CBCP00261-T1	6	203722	63940026	2	1	1	NaN
CBCP00261-T1	6	63990200	86387343	1	1	0	NaN
CBCP00261-T1	6	86445651	105585900	2	1	1	NaN
CBCP00261-T1	6	107390300	170893454	2	1	1	NaN
CBCP00261-T1	7	193254	112724600	2	1	1	NaN
CBCP00261-T1	7	112727600	138261100	1	1	0	NaN
CBCP00261-T1	7	138262200	159025772	2	1	1	NaN
CBCP00261-T1	8	116700	26267900	2	1	1	NaN
CBCP00261-T1	8	26362900	27915857	4	3	1	NaN
CBCP00261-T1	8	27917747	30036800	2	1	1	NaN
CBCP00261-T1	8	30040534	146279396	1	1	0	NaN
CBCP00261-T1	9	12704	32631000	2	1	1	NaN
CBCP00261-T1	9	32631300	36589516	3	3	0	NaN
CBCP00261-T1	9	36597174	141071710	2	1	1	NaN
CBCP00261-T1	10	93287	135505800	2	1	1	NaN
CBCP00261-T1	11	134500	25100100	2	1	1	NaN
CBCP00261-T1	11	26353951	66192300	3	2	1	NaN
CBCP00261-T1	11	66192700	67058000	1	1	0	NaN
CBCP00261-T1	11	67059000	68777300	2	1	1	NaN
CBCP00261-T1	11	68816564	82443754	1	1	0	NaN
CBCP00261-T1	11	82444173	134856707	2	1	1	NaN
CBCP00261-T1	12	68326	247600	1	1	0	NaN
CBCP00261-T1	12	247923	88939508	2	1	1	NaN
CBCP00261-T1	12	88974100	133811000	2	1	1	NaN
CBCP00261-T1	13	19043012	115091700	2	1	1	NaN
CBCP00261-T1	14	19110343	34029600	2	1	1	NaN
CBCP00261-T1	14	34047414	38152100	1	1	0	NaN
CBCP00261-T1	14	38165900	104220400	2	1	1	NaN
CBCP00261-T1	14	104224062	105644100	5	4	1	NaN
CBCP00261-T1	14	105675946	107283156	2	1	1	NaN
CBCP00261-T1	15	20083803	60907100	2	1	1	NaN
CBCP00261-T1	15	60919397	71144800	3	3	0	NaN
CBCP00261-T1	15	71151195	73660600	17	16	1	NaN
CBCP00261-T1	15	74625600	78917700	2	1	1	NaN
CBCP00261-T1	15	85112788	90838393	2	1	1	NaN
CBCP00261-T1	15	90838700	92293726	4	3	1	NaN
CBCP00261-T1	15	100272109	102517820	8	7	1	NaN
CBCP00261-T1	16	67062	48577100	2	1	1	NaN
CBCP00261-T1	16	48580100	90232891	3	2	1	NaN
CBCP00261-T1	17	6200	81083522	2	1	1	NaN
CBCP00261-T1	18	12863	78005200	2	1	1	NaN
CBCP00261-T1	19	110800	59110400	2	1	1	NaN
CBCP00261-T1	20	68400	62959200	2	1	1	NaN
CBCP00261-T1	21	9439500	48100900	3	2	1	NaN
CBCP00261-T1	22	16123400	51237400	2	1	1	NaN
CBCP00261-T1	23	2700027	154774800	3	2	1	NaN
