SampleID	Chromosome	Start_position	End_position	total_cn	A_cn	B_cn	ploidy
CBCP00086-T1	1	13000	74948900	2	1	1	NaN
CBCP00086-T1	1	74955069	144812018	2	1	1	NaN
CBCP00086-T1	1	145112287	147806844	3	2	1	NaN
CBCP00086-T1	1	147931400	148025000	0	0	0	NaN
CBCP00086-T1	1	148193500	152185774	3	2	1	NaN
CBCP00086-T1	1	152185930	152189050	1	1	0	NaN
CBCP00086-T1	1	152190720	161519600	3	2	1	NaN
CBCP00086-T1	1	161559327	249230800	2	1	1	NaN
CBCP00086-T1	2	41500	242193000	2	1	1	NaN
CBCP00086-T1	3	239347	195507694	2	1	1	NaN
CBCP00086-T1	3	195507846	195513700	1	1	0	NaN
CBCP00086-T1	3	195514300	197903984	2	1	1	NaN
CBCP00086-T1	4	53100	1720300	2	1	1	NaN
CBCP00086-T1	4	2230900	49323389	2	1	1	NaN
CBCP00086-T1	4	49324400	191003200	2	1	1	NaN
CBCP00086-T1	5	140532	140517431	2	1	1	NaN
CBCP00086-T1	5	140529964	141059868	2	2	0	NaN
CBCP00086-T1	5	141060100	180687800	2	1	1	NaN
CBCP00086-T1	6	152700	16144080	2	1	1	NaN
CBCP00086-T1	6	16145325	21595700	2	1	1	NaN
CBCP00086-T1	6	21595900	26638700	2	1	1	NaN
CBCP00086-T1	6	26851157	29798459	2	1	1	NaN
CBCP00086-T1	6	29855622	29901865	0	0	0	NaN
CBCP00086-T1	6	29910378	58779300	2	1	1	NaN
CBCP00086-T1	6	62390920	74135071	3	2	1	NaN
CBCP00086-T1	6	74138377	76312200	1	1	0	NaN
CBCP00086-T1	6	79577384	105526600	1	1	0	NaN
CBCP00086-T1	6	107475829	112041300	3	2	1	NaN
CBCP00086-T1	6	112375644	114663600	1	1	0	NaN
CBCP00086-T1	6	116263800	119522508	4	3	1	NaN
CBCP00086-T1	6	119525900	132618271	2	1	1	NaN
CBCP00086-T1	6	132619000	139013400	4	3	1	NaN
CBCP00086-T1	6	139013686	154360992	2	1	1	NaN
CBCP00086-T1	6	154831100	167754419	2	1	1	NaN
CBCP00086-T1	6	167754710	167791600	1	1	0	NaN
CBCP00086-T1	6	167796319	170949200	2	1	1	NaN
CBCP00086-T1	7	193222	57529200	3	2	1	NaN
CBCP00086-T1	7	57529392	159025900	2	1	1	NaN
CBCP00086-T1	8	163295	41297393	1	1	0	NaN
CBCP00086-T1	8	48774918	54141900	1	1	0	NaN
CBCP00086-T1	8	54142300	100589800	2	1	1	NaN
CBCP00086-T1	8	104778627	114627900	2	1	1	NaN
CBCP00086-T1	8	116426400	124822605	6	6	0	NaN
CBCP00086-T1	8	124975600	126448700	1	1	0	NaN
CBCP00086-T1	8	127085379	133198500	4	3	1	NaN
CBCP00086-T1	8	135602612	139144914	1	1	0	NaN
CBCP00086-T1	8	139145000	140898402	5	4	1	NaN
CBCP00086-T1	8	141889600	146278800	2	1	1	NaN
CBCP00086-T1	9	12100	69777408	1	1	0	NaN
CBCP00086-T1	9	69777900	139438500	2	1	1	NaN
CBCP00086-T1	9	139943112	141071710	2	1	1	NaN
CBCP00086-T1	10	93300	135505900	2	1	1	NaN
CBCP00086-T1	11	87100	2167700	2	1	1	NaN
CBCP00086-T1	11	2170300	7686674	2	1	1	NaN
CBCP00086-T1	11	7686970	22397600	2	1	1	NaN
CBCP00086-T1	11	22777371	109853400	2	1	1	NaN
CBCP00086-T1	11	109964000	134856707	2	1	1	NaN
CBCP00086-T1	12	68400	9552577	2	1	1	NaN
CBCP00086-T1	12	9555110	9822400	1	1	0	NaN
CBCP00086-T1	12	9833600	51138229	2	1	1	NaN
CBCP00086-T1	12	51138500	69667075	2	1	1	NaN
CBCP00086-T1	12	69742200	72355466	5	5	0	NaN
CBCP00086-T1	12	72366300	76881225	1	1	0	NaN
CBCP00086-T1	12	79978900	80943522	1	1	0	NaN
CBCP00086-T1	12	81205400	100444900	1	1	0	NaN
CBCP00086-T1	12	101794900	104370850	6	6	0	NaN
CBCP00086-T1	12	104373462	133811000	1	1	0	NaN
CBCP00086-T1	13	19043000	21063600	1	1	0	NaN
CBCP00086-T1	13	21086700	43181000	3	2	1	NaN
CBCP00086-T1	13	43358200	50100500	1	1	0	NaN
CBCP00086-T1	13	50102810	115091700	2	1	1	NaN
CBCP00086-T1	14	19110300	20148300	1	1	0	NaN
CBCP00086-T1	14	20181377	23946600	2	1	1	NaN
CBCP00086-T1	14	23946800	30396700	1	1	0	NaN
CBCP00086-T1	14	31030067	70039881	2	1	1	NaN
CBCP00086-T1	14	70040223	91639600	1	1	0	NaN
CBCP00086-T1	14	91927700	92185800	1	1	0	NaN
CBCP00086-T1	14	92460100	92792200	1	1	0	NaN
CBCP00086-T1	14	94829909	95696400	1	1	0	NaN
CBCP00086-T1	14	95786100	96742603	5	4	1	NaN
CBCP00086-T1	14	96752400	97322900	1	1	0	NaN
CBCP00086-T1	14	99865200	99983489	1	1	0	NaN
CBCP00086-T1	14	100950331	101200445	1	1	0	NaN
CBCP00086-T1	14	101364300	101423499	1	1	0	NaN
CBCP00086-T1	14	104261100	104493300	1	1	0	NaN
CBCP00086-T1	14	105302612	105523571	5	4	1	NaN
CBCP00086-T1	14	105608700	105767293	1	1	0	NaN
CBCP00086-T1	14	105815026	106405900	5	4	1	NaN
CBCP00086-T1	14	106436096	106494500	1	1	0	NaN
CBCP00086-T1	14	106787336	106812200	0	0	0	NaN
CBCP00086-T1	14	106866748	107283255	1	1	0	NaN
CBCP00086-T1	15	20208900	22688200	0	0	0	NaN
CBCP00086-T1	15	22691729	30435900	2	1	1	NaN
CBCP00086-T1	15	30437030	30878132	1	1	0	NaN
CBCP00086-T1	15	30896300	34678800	2	1	1	NaN
CBCP00086-T1	15	34679200	34849103	1	1	0	NaN
CBCP00086-T1	15	35044700	64915106	2	1	1	NaN
CBCP00086-T1	15	64962600	68434584	1	1	0	NaN
CBCP00086-T1	15	68438200	70961000	2	2	0	NaN
CBCP00086-T1	15	70961500	75586847	1	1	0	NaN
CBCP00086-T1	15	75593938	77425700	2	1	1	NaN
CBCP00086-T1	15	77426000	79382900	3	2	1	NaN
CBCP00086-T1	15	79502096	102517700	2	1	1	NaN
CBCP00086-T1	16	66904	617700	2	1	1	NaN
CBCP00086-T1	16	618179	1292200	2	2	0	NaN
CBCP00086-T1	16	1306377	28608353	2	1	1	NaN
CBCP00086-T1	16	28649800	32626803	2	1	1	NaN
CBCP00086-T1	16	33066600	33490000	0	0	0	NaN
CBCP00086-T1	16	33490398	46392000	1	1	0	NaN
CBCP00086-T1	16	46392200	55794666	2	1	1	NaN
CBCP00086-T1	16	55857600	90232838	2	1	1	NaN
CBCP00086-T1	17	6000	34433786	1	1	0	NaN
CBCP00086-T1	17	34490800	34642474	0	0	0	NaN
CBCP00086-T1	17	34746900	36213900	1	1	0	NaN
CBCP00086-T1	17	36233930	36398300	0	0	0	NaN
CBCP00086-T1	17	36413000	44364227	1	1	0	NaN
CBCP00086-T1	17	44382865	44630728	0	0	0	NaN
CBCP00086-T1	17	44632700	45679000	1	1	0	NaN
CBCP00086-T1	17	46048800	55752300	1	1	0	NaN
CBCP00086-T1	17	55754300	59876600	2	2	0	NaN
CBCP00086-T1	17	61028300	65781200	2	2	0	NaN
CBCP00086-T1	17	65821600	66596700	3	3	0	NaN
CBCP00086-T1	17	66864500	81083660	2	2	0	NaN
CBCP00086-T1	18	12916	15307937	2	1	1	NaN
CBCP00086-T1	18	15325600	78005100	1	1	0	NaN
CBCP00086-T1	19	110700	8842400	1	1	0	NaN
CBCP00086-T1	19	8922236	12090800	3	2	1	NaN
CBCP00086-T1	19	12111900	17186136	2	1	1	NaN
CBCP00086-T1	19	17212500	18779440	3	2	1	NaN
CBCP00086-T1	19	18779728	20048654	2	2	0	NaN
CBCP00086-T1	19	20369920	24269900	3	3	0	NaN
CBCP00086-T1	19	24270197	54800100	2	1	1	NaN
CBCP00086-T1	19	54801957	54809397	1	1	0	NaN
CBCP00086-T1	19	54818647	55294471	2	1	1	NaN
CBCP00086-T1	19	55346288	59058800	2	1	1	NaN
CBCP00086-T1	20	68400	60509209	2	1	1	NaN
CBCP00086-T1	20	60511860	62959200	2	1	1	NaN
CBCP00086-T1	21	9439300	48100900	2	1	1	NaN
CBCP00086-T1	22	16101400	20328600	2	1	1	NaN
CBCP00086-T1	22	20339000	20705773	0	0	0	NaN
CBCP00086-T1	22	20706400	51237500	2	1	1	NaN
CBCP00086-T1	23	2700027	154774800	2	1	1	NaN
