SampleID	Chromosome	Start_position	End_position	total_cn	A_cn	B_cn	ploidy
CBCP00083-T1	1	13116	143767547	2	1	1	NaN
CBCP00083-T1	1	143767756	249231000	4	3	1	NaN
CBCP00083-T1	2	41500	242193000	2	1	1	NaN
CBCP00083-T1	3	239300	197903900	2	1	1	NaN
CBCP00083-T1	4	53100	191033600	2	1	1	NaN
CBCP00083-T1	5	140500	180687700	2	1	1	NaN
CBCP00083-T1	6	106700	170949300	2	1	1	NaN
CBCP00083-T1	7	193245	159025874	3	2	1	NaN
CBCP00083-T1	8	163461	146279400	3	2	1	NaN
CBCP00083-T1	9	12033	141071710	2	1	1	NaN
CBCP00083-T1	10	93287	134671150	2	1	1	NaN
CBCP00083-T1	10	134672500	134942964	1	1	0	NaN
CBCP00083-T1	10	134974000	135505800	2	1	1	NaN
CBCP00083-T1	11	87000	134856661	2	1	1	NaN
CBCP00083-T1	12	68400	133811118	2	1	1	NaN
CBCP00083-T1	13	19043055	115091500	2	1	1	NaN
CBCP00083-T1	14	19012600	107283105	3	3	0	NaN
CBCP00083-T1	15	20083900	102518000	3	2	1	NaN
CBCP00083-T1	16	67000	35133500	3	2	1	NaN
CBCP00083-T1	16	35142522	70871700	1	1	0	NaN
CBCP00083-T1	16	71218789	90232846	1	1	0	NaN
CBCP00083-T1	17	6157	4849384	2	1	1	NaN
CBCP00083-T1	17	4850000	20108800	2	1	1	NaN
CBCP00083-T1	17	20109000	81188028	2	1	1	NaN
CBCP00083-T1	18	12905	78005100	3	2	1	NaN
CBCP00083-T1	19	110800	59094003	2	1	1	NaN
CBCP00083-T1	20	68396	62959200	2	1	1	NaN
CBCP00083-T1	21	9439400	48100900	2	1	1	NaN
CBCP00083-T1	22	16123300	51237410	2	1	1	NaN
CBCP00083-T1	23	2700202	154774707	2	1	1	NaN
