SampleID	Chromosome	Start_position	End_position	total_cn	A_cn	B_cn	ploidy
CBCP00069-T1	1	13400	16727300	2	2	0	NaN
CBCP00069-T1	1	16730441	17274900	1	1	0	NaN
CBCP00069-T1	1	17275500	34554808	2	2	0	NaN
CBCP00069-T1	1	35824736	38056400	2	2	0	NaN
CBCP00069-T1	1	38059400	42415139	6	4	2	NaN
CBCP00069-T1	1	42621200	49208300	5	3	2	NaN
CBCP00069-T1	1	49224800	117503940	3	2	1	NaN
CBCP00069-T1	1	145139200	147806808	3	2	1	NaN
CBCP00069-T1	1	148193500	231401099	5	3	2	NaN
CBCP00069-T1	1	231401596	249230849	3	3	0	NaN
CBCP00069-T1	2	41509	95537572	5	3	2	NaN
CBCP00069-T1	2	95537800	242192881	3	3	0	NaN
CBCP00069-T1	3	239400	22423600	3	2	1	NaN
CBCP00069-T1	3	23250300	143708700	2	2	0	NaN
CBCP00069-T1	3	145782443	197896801	3	2	1	NaN
CBCP00069-T1	4	53428	190981400	3	2	1	NaN
CBCP00069-T1	5	140716	45695900	3	2	1	NaN
CBCP00069-T1	5	56255300	176083800	2	1	1	NaN
CBCP00069-T1	5	176084558	180687700	3	2	1	NaN
CBCP00069-T1	6	106300	124759000	4	2	2	NaN
CBCP00069-T1	6	124811402	170892556	4	2	2	NaN
CBCP00069-T1	7	193222	48288897	2	2	0	NaN
CBCP00069-T1	7	48308700	61979300	4	2	2	NaN
CBCP00069-T1	7	62514784	75806300	2	2	0	NaN
CBCP00069-T1	7	79082361	84636312	8	6	2	NaN
CBCP00069-T1	7	88847517	138874191	6	3	3	NaN
CBCP00069-T1	7	139790900	142836300	4	3	1	NaN
CBCP00069-T1	7	142836631	149129300	3	2	1	NaN
CBCP00069-T1	7	149129800	159024900	3	3	0	NaN
CBCP00069-T1	8	163366	20111000	3	2	1	NaN
CBCP00069-T1	8	21550800	43054700	1	1	0	NaN
CBCP00069-T1	8	43092800	96313407	2	2	0	NaN
CBCP00069-T1	8	97614625	102611452	6	4	2	NaN
CBCP00069-T1	8	105260900	113668500	2	2	0	NaN
CBCP00069-T1	8	113678600	127569600	4	4	0	NaN
CBCP00069-T1	8	130761030	146278662	2	2	0	NaN
CBCP00069-T1	9	12704	35818400	4	3	1	NaN
CBCP00069-T1	9	35819200	39890200	4	3	1	NaN
CBCP00069-T1	9	69777900	141071539	2	1	1	NaN
CBCP00069-T1	10	93300	42600200	4	2	2	NaN
CBCP00069-T1	10	42644693	55719600	3	2	1	NaN
CBCP00069-T1	10	55721600	69799236	3	2	1	NaN
CBCP00069-T1	10	69804200	84498300	4	3	1	NaN
CBCP00069-T1	10	88813000	129923900	3	2	1	NaN
CBCP00069-T1	10	131265600	135505800	1	1	0	NaN
CBCP00069-T1	11	134600	26463582	2	2	0	NaN
CBCP00069-T1	11	26465345	57087900	3	2	1	NaN
CBCP00069-T1	11	57093900	61254514	2	2	0	NaN
CBCP00069-T1	11	61254783	62491908	3	2	1	NaN
CBCP00069-T1	11	62494144	67926500	3	3	0	NaN
CBCP00069-T1	11	71146195	89606445	4	3	1	NaN
CBCP00069-T1	11	89607200	117864700	1	1	0	NaN
CBCP00069-T1	11	117866259	123479190	2	1	1	NaN
CBCP00069-T1	11	123479400	126391297	3	3	0	NaN
CBCP00069-T1	11	126432775	130784616	1	1	0	NaN
CBCP00069-T1	11	130784886	134856536	1	1	0	NaN
CBCP00069-T1	12	68500	40013100	5	4	1	NaN
CBCP00069-T1	12	40013500	42866205	4	3	1	NaN
CBCP00069-T1	12	43748000	49065600	1	1	0	NaN
CBCP00069-T1	12	50529736	52881600	4	3	1	NaN
CBCP00069-T1	12	52882000	123829800	2	1	1	NaN
CBCP00069-T1	12	123832700	133810880	3	2	1	NaN
CBCP00069-T1	13	19043074	26828916	1	1	0	NaN
CBCP00069-T1	13	26911700	31891617	6	6	0	NaN
CBCP00069-T1	13	35619500	43798161	2	2	0	NaN
CBCP00069-T1	13	43839500	60490294	1	1	0	NaN
CBCP00069-T1	13	65532178	74988964	1	1	0	NaN
CBCP00069-T1	13	75812400	115091600	3	3	0	NaN
CBCP00069-T1	14	20404736	22236776	3	3	0	NaN
CBCP00069-T1	14	22251500	23103550	1	1	0	NaN
CBCP00069-T1	14	23235800	24114400	3	3	0	NaN
CBCP00069-T1	14	24296454	25348000	2	2	0	NaN
CBCP00069-T1	14	31827900	34561500	0	0	0	NaN
CBCP00069-T1	14	36631879	107282872	2	2	0	NaN
CBCP00069-T1	15	20083800	102518000	3	2	1	NaN
CBCP00069-T1	16	63200	22558400	2	1	1	NaN
CBCP00069-T1	16	22563911	90162465	3	2	1	NaN
CBCP00069-T1	17	6100	3819400	3	3	0	NaN
CBCP00069-T1	17	3828067	22066800	2	2	0	NaN
CBCP00069-T1	17	28499600	29623288	1	1	0	NaN
CBCP00069-T1	17	29631398	35298300	3	3	0	NaN
CBCP00069-T1	17	35299637	81083526	2	2	0	NaN
CBCP00069-T1	18	12863	5292030	3	3	0	NaN
CBCP00069-T1	18	8069868	29126484	3	2	1	NaN
CBCP00069-T1	18	29126670	59954700	3	3	0	NaN
CBCP00069-T1	18	61647069	77960700	3	3	0	NaN
CBCP00069-T1	19	107500	2576100	2	1	1	NaN
CBCP00069-T1	19	2630900	4405993	5	4	1	NaN
CBCP00069-T1	19	4408961	7267800	4	3	1	NaN
CBCP00069-T1	19	7960465	8953712	8	7	1	NaN
CBCP00069-T1	19	8953922	10697924	6	5	1	NaN
CBCP00069-T1	19	10736900	19906147	3	2	1	NaN
CBCP00069-T1	19	19906300	59093973	3	2	1	NaN
CBCP00069-T1	20	68300	24646100	2	1	1	NaN
CBCP00069-T1	20	24930200	54575800	3	2	1	NaN
CBCP00069-T1	20	54578900	62959300	4	3	1	NaN
CBCP00069-T1	21	9908292	9921878	1	1	0	NaN
CBCP00069-T1	21	9927145	48084177	3	2	1	NaN
CBCP00069-T1	22	16101400	51237300	3	3	0	NaN
CBCP00069-T1	23	2700202	26236100	3	3	0	NaN
CBCP00069-T1	23	26236216	62917100	1	1	0	NaN
CBCP00069-T1	23	62944500	117527945	0	0	0	NaN
CBCP00069-T1	23	117528142	153459046	1	1	0	NaN
