SampleID	Chromosome	Start_position	End_position	total_cn	A_cn	B_cn	ploidy
CBCP00056-T1	1	13200	249230910	2	1	1	NaN
CBCP00056-T1	2	41602	242193000	2	1	1	NaN
CBCP00056-T1	3	239400	49410800	2	1	1	NaN
CBCP00056-T1	3	49413000	53153964	1	1	0	NaN
CBCP00056-T1	3	53155720	197903984	2	1	1	NaN
CBCP00056-T1	4	49800	191033600	2	1	1	NaN
CBCP00056-T1	5	140474	180687800	2	1	1	NaN
CBCP00056-T1	6	152700	170949300	2	1	1	NaN
CBCP00056-T1	7	35489	159025772	2	1	1	NaN
CBCP00056-T1	8	116700	146279349	2	1	1	NaN
CBCP00056-T1	9	12100	39890216	1	1	0	NaN
CBCP00056-T1	9	40293114	141071710	2	1	1	NaN
CBCP00056-T1	10	93300	135500760	2	1	1	NaN
CBCP00056-T1	11	133600	58949852	2	1	1	NaN
CBCP00056-T1	11	58956318	64978400	1	1	0	NaN
CBCP00056-T1	11	64978600	86802688	2	1	1	NaN
CBCP00056-T1	11	86868400	134237113	1	1	0	NaN
CBCP00056-T1	12	86569	30834700	1	1	0	NaN
CBCP00056-T1	12	30837400	133811100	2	1	1	NaN
CBCP00056-T1	13	19043000	115091700	2	1	1	NaN
CBCP00056-T1	14	19110343	39901377	2	1	1	NaN
CBCP00056-T1	14	42355900	54863725	3	2	1	NaN
CBCP00056-T1	14	54863900	107283156	2	1	1	NaN
CBCP00056-T1	15	20083900	102518000	2	1	1	NaN
CBCP00056-T1	16	62965	90162379	2	1	1	NaN
CBCP00056-T1	17	6157	45727600	1	1	0	NaN
CBCP00056-T1	17	45730100	47700100	5	4	1	NaN
CBCP00056-T1	17	47778900	48757200	1	1	0	NaN
CBCP00056-T1	17	48761100	56606500	5	4	1	NaN
CBCP00056-T1	17	59967100	72287100	3	2	1	NaN
CBCP00056-T1	17	72295966	81052186	3	2	1	NaN
CBCP00056-T1	18	12905	78005200	2	1	1	NaN
CBCP00056-T1	19	107600	59094000	2	1	1	NaN
CBCP00056-T1	20	207903	48156278	2	1	1	NaN
CBCP00056-T1	20	48160900	50808100	3	2	1	NaN
CBCP00056-T1	20	52492000	62959300	3	2	1	NaN
CBCP00056-T1	21	9439500	48100900	2	1	1	NaN
CBCP00056-T1	22	16101300	51237500	1	1	0	NaN
CBCP00056-T1	23	2700202	65819300	2	1	1	NaN
CBCP00056-T1	23	65819700	103498800	1	1	0	NaN
CBCP00056-T1	23	106201700	109590200	1	1	0	NaN
CBCP00056-T1	23	109693906	118827063	2	1	1	NaN
CBCP00056-T1	23	118829479	154774900	1	1	0	NaN
