SampleID	Chromosome	Start_position	End_position	total_cn	A_cn	B_cn	ploidy
CBCP00114-T1	1	13550	55166000	2	1	1	NaN
CBCP00114-T1	1	55167000	248436200	2	1	1	NaN
CBCP00114-T1	1	248436700	249212400	2	1	1	NaN
CBCP00114-T1	2	41509	242192900	2	1	1	NaN
CBCP00114-T1	3	239347	10442700	2	1	1	NaN
CBCP00114-T1	3	10444000	15452900	4	3	1	NaN
CBCP00114-T1	3	15455449	39555285	2	1	1	NaN
CBCP00114-T1	3	39942300	86114800	1	1	0	NaN
CBCP00114-T1	3	86996163	197896700	2	1	1	NaN
CBCP00114-T1	4	47658	9987324	1	1	0	NaN
CBCP00114-T1	4	9998493	187122355	2	1	1	NaN
CBCP00114-T1	4	187126400	190947500	1	1	0	NaN
CBCP00114-T1	5	140716	54945091	2	1	1	NaN
CBCP00114-T1	5	54948500	157106945	1	1	0	NaN
CBCP00114-T1	5	157117118	180687800	2	1	1	NaN
CBCP00114-T1	6	203500	170893496	2	1	1	NaN
CBCP00114-T1	7	35480	159025800	2	1	1	NaN
CBCP00114-T1	8	163420	27886965	0	0	0	NaN
CBCP00114-T1	8	27887900	59510112	1	1	0	NaN
CBCP00114-T1	8	59511900	134472200	3	2	1	NaN
CBCP00114-T1	8	134474148	146279400	1	1	0	NaN
CBCP00114-T1	9	117693	141071552	1	1	0	NaN
CBCP00114-T1	10	93257	39144287	2	1	1	NaN
CBCP00114-T1	10	42644967	66586305	2	1	1	NaN
CBCP00114-T1	10	70141100	75936611	3	2	1	NaN
CBCP00114-T1	10	80285174	83635100	16	15	1	NaN
CBCP00114-T1	10	83635400	122666300	1	1	0	NaN
CBCP00114-T1	10	123503300	132760893	1	1	0	NaN
CBCP00114-T1	10	133109602	133787500	1	1	0	NaN
CBCP00114-T1	10	134595576	135491100	1	1	0	NaN
CBCP00114-T1	11	193016	134856603	2	1	1	NaN
CBCP00114-T1	12	86600	63359168	2	1	1	NaN
CBCP00114-T1	12	94818400	109270500	4	3	1	NaN
CBCP00114-T1	12	109273367	133810900	1	1	0	NaN
CBCP00114-T1	13	19239500	115090931	2	1	1	NaN
CBCP00114-T1	14	19012600	107283100	2	1	1	NaN
CBCP00114-T1	15	20083900	50521300	1	1	0	NaN
CBCP00114-T1	15	50526200	76073218	2	1	1	NaN
CBCP00114-T1	15	76074600	90766800	1	1	0	NaN
CBCP00114-T1	15	90767100	102284600	2	1	1	NaN
CBCP00114-T1	15	102288175	102518100	1	1	0	NaN
CBCP00114-T1	16	62965	961054	10	9	1	NaN
CBCP00114-T1	16	997475	1652418	7	6	1	NaN
CBCP00114-T1	16	1657012	2436215	9	9	0	NaN
CBCP00114-T1	16	2474600	90232822	2	1	1	NaN
CBCP00114-T1	17	6188	21911017	1	1	0	NaN
CBCP00114-T1	17	22066800	56358100	2	1	1	NaN
CBCP00114-T1	17	56379700	77808757	3	2	1	NaN
CBCP00114-T1	17	77809200	79986961	1	1	0	NaN
CBCP00114-T1	17	79987415	81083600	1	1	0	NaN
CBCP00114-T1	18	12900	78005200	2	1	1	NaN
CBCP00114-T1	19	157000	21820763	1	1	0	NaN
CBCP00114-T1	19	21821785	35513896	3	2	1	NaN
CBCP00114-T1	19	35514200	36259400	1	1	0	NaN
CBCP00114-T1	19	36266591	39361500	4	3	1	NaN
CBCP00114-T1	19	39361800	59093696	1	1	0	NaN
CBCP00114-T1	20	76962	10644601	2	1	1	NaN
CBCP00114-T1	20	10653500	25268900	4	3	1	NaN
CBCP00114-T1	20	25269143	62959200	2	1	1	NaN
CBCP00114-T1	21	9439500	48084300	2	1	1	NaN
CBCP00114-T1	22	16123300	51237500	1	1	0	NaN
CBCP00114-T1	23	2700027	154774800	1	1	0	NaN
