SampleID	Chromosome	Start_position	End_position	total_cn	A_cn	B_cn	ploidy
CBCP00065-T1	1	13273	121310600	2	1	1	NaN
CBCP00065-T1	1	121351900	142542400	0	0	0	NaN
CBCP00065-T1	1	142542700	143540181	0	0	0	NaN
CBCP00065-T1	1	143743300	249231000	2	1	1	NaN
CBCP00065-T1	2	41600	89553400	2	1	1	NaN
CBCP00065-T1	2	89842309	89879900	0	0	0	NaN
CBCP00065-T1	2	92268800	95461700	0	0	0	NaN
CBCP00065-T1	2	95464700	132915000	2	1	1	NaN
CBCP00065-T1	2	132995171	133012880	0	0	0	NaN
CBCP00065-T1	2	133013200	133039153	0	0	0	NaN
CBCP00065-T1	2	133066879	162091900	2	1	1	NaN
CBCP00065-T1	2	162135291	162139000	0	0	0	NaN
CBCP00065-T1	2	162175300	242193000	2	1	1	NaN
CBCP00065-T1	3	239245	90279126	2	1	1	NaN
CBCP00065-T1	3	90283800	93511500	0	0	0	NaN
CBCP00065-T1	3	93593100	197904000	2	1	1	NaN
CBCP00065-T1	4	47658	49052700	2	1	1	NaN
CBCP00065-T1	4	49063872	49165547	0	0	0	NaN
CBCP00065-T1	4	49200200	49659491	0	0	0	NaN
CBCP00065-T1	4	52709426	191033600	2	1	1	NaN
CBCP00065-T1	5	140515	45696250	2	1	1	NaN
CBCP00065-T1	5	45954200	49695761	0	0	0	NaN
CBCP00065-T1	5	49698100	180687800	2	1	1	NaN
CBCP00065-T1	6	152700	170949300	2	1	1	NaN
CBCP00065-T1	7	19800	57895100	2	1	1	NaN
CBCP00065-T1	7	57947567	62548100	0	0	0	NaN
CBCP00065-T1	7	62586600	159026034	2	1	1	NaN
CBCP00065-T1	8	163438	43054522	2	1	1	NaN
CBCP00065-T1	8	43054800	43097160	0	0	0	NaN
CBCP00065-T1	8	43761700	46941376	0	0	0	NaN
CBCP00065-T1	8	47526000	146279349	2	1	1	NaN
CBCP00065-T1	9	12700	66333600	2	1	1	NaN
CBCP00065-T1	9	66455300	68418466	0	0	0	NaN
CBCP00065-T1	9	68418845	68425000	0	0	0	NaN
CBCP00065-T1	9	68425400	69067900	0	0	0	NaN
CBCP00065-T1	9	69082200	141071700	2	1	1	NaN
CBCP00065-T1	10	93300	38990200	2	1	1	NaN
CBCP00065-T1	10	38990713	42660800	0	0	0	NaN
CBCP00065-T1	10	42680848	127569101	2	1	1	NaN
CBCP00065-T1	10	127569400	127586308	0	0	0	NaN
CBCP00065-T1	10	127668431	135505900	2	1	1	NaN
CBCP00065-T1	11	87150	48632300	2	1	1	NaN
CBCP00065-T1	11	48738100	48968047	0	0	0	NaN
CBCP00065-T1	11	48969944	50375403	2	1	1	NaN
CBCP00065-T1	11	50378200	50764200	0	0	0	NaN
CBCP00065-T1	11	51568167	55061093	0	0	0	NaN
CBCP00065-T1	11	55062268	134856661	2	1	1	NaN
CBCP00065-T1	12	68000	34319100	2	1	1	NaN
CBCP00065-T1	12	34319900	38596697	0	0	0	NaN
CBCP00065-T1	12	38596900	133811118	2	1	1	NaN
CBCP00065-T1	13	19042415	115091726	2	1	1	NaN
CBCP00065-T1	14	19000717	19110147	0	0	0	NaN
CBCP00065-T1	14	19110433	107283156	2	1	1	NaN
CBCP00065-T1	15	20006716	102518000	2	1	1	NaN
CBCP00065-T1	16	61730	33853800	2	1	1	NaN
CBCP00065-T1	16	33865250	33969344	0	0	0	NaN
CBCP00065-T1	16	33969800	34184100	0	0	0	NaN
CBCP00065-T1	16	35229284	46508200	0	0	0	NaN
CBCP00065-T1	16	46509700	90237872	2	1	1	NaN
CBCP00065-T1	17	6157	22066894	2	1	1	NaN
CBCP00065-T1	17	22244900	25308900	0	0	0	NaN
CBCP00065-T1	17	25309196	81188028	2	1	1	NaN
CBCP00065-T1	18	13000	112400	0	0	0	NaN
CBCP00065-T1	18	117000	15326002	2	1	1	NaN
CBCP00065-T1	18	15390400	18520100	0	0	0	NaN
CBCP00065-T1	18	18531200	77960639	2	1	1	NaN
CBCP00065-T1	19	110800	24346160	2	1	1	NaN
CBCP00065-T1	19	24531139	28322000	0	0	0	NaN
CBCP00065-T1	19	28454162	59110400	2	1	1	NaN
CBCP00065-T1	20	68264	26061884	2	1	1	NaN
CBCP00065-T1	20	26062200	29872900	0	0	0	NaN
CBCP00065-T1	20	29873400	62959200	2	1	1	NaN
CBCP00065-T1	21	9439500	9827500	0	0	0	NaN
CBCP00065-T1	21	9927336	10698707	0	0	0	NaN
CBCP00065-T1	21	10699040	10777700	0	0	0	NaN
CBCP00065-T1	21	10780500	10856100	0	0	0	NaN
CBCP00065-T1	21	11047573	14368400	0	0	0	NaN
CBCP00065-T1	21	14414959	48101000	2	1	1	NaN
CBCP00065-T1	22	16123365	51237300	2	1	1	NaN
CBCP00065-T1	23	2700202	58012300	2	1	1	NaN
CBCP00065-T1	23	58012400	61909200	0	0	0	NaN
CBCP00065-T1	23	61999700	154774700	2	1	1	NaN
