SampleID	Chromosome	Start_position	End_position	total_cn	A_cn	B_cn	ploidy
CBCP00171-T1	1	13200	16754313	1	1	0	NaN
CBCP00171-T1	1	16754581	17272980	0	0	0	NaN
CBCP00171-T1	1	17273200	120512303	1	1	0	NaN
CBCP00171-T1	1	120529700	149858575	4	3	1	NaN
CBCP00171-T1	1	149859100	156814286	4	3	1	NaN
CBCP00171-T1	1	156814500	249231100	4	3	1	NaN
CBCP00171-T1	2	41602	137917922	2	1	1	NaN
CBCP00171-T1	2	137928320	197534600	2	1	1	NaN
CBCP00171-T1	2	197537100	242192700	2	1	1	NaN
CBCP00171-T1	3	239347	197903900	2	1	1	NaN
CBCP00171-T1	4	53100	191033600	2	1	1	NaN
CBCP00171-T1	5	140636	180687700	2	1	1	NaN
CBCP00171-T1	6	106700	8102800	1	1	0	NaN
CBCP00171-T1	6	12296200	28134582	3	2	1	NaN
CBCP00171-T1	6	28134724	29142347	2	1	1	NaN
CBCP00171-T1	6	29691303	44255551	2	1	1	NaN
CBCP00171-T1	6	44268337	104465673	2	1	1	NaN
CBCP00171-T1	6	108984900	116264300	1	1	0	NaN
CBCP00171-T1	6	116265400	128563800	2	1	1	NaN
CBCP00171-T1	6	128643162	170949200	1	1	0	NaN
CBCP00171-T1	7	193300	2259000	2	1	1	NaN
CBCP00171-T1	7	2260531	6859600	2	1	1	NaN
CBCP00171-T1	7	6862000	55605063	2	1	1	NaN
CBCP00171-T1	7	55605282	77581000	2	1	1	NaN
CBCP00171-T1	7	77583300	97362982	2	1	1	NaN
CBCP00171-T1	7	97363472	103155705	2	1	1	NaN
CBCP00171-T1	7	103155977	159025772	2	1	1	NaN
CBCP00171-T1	8	116700	33451100	1	1	0	NaN
CBCP00171-T1	8	33579783	48973200	3	2	1	NaN
CBCP00171-T1	8	49105800	145005800	3	2	1	NaN
CBCP00171-T1	8	145006143	146279396	4	2	2	NaN
CBCP00171-T1	9	12100	141071710	2	1	1	NaN
CBCP00171-T1	10	93300	135500760	2	1	1	NaN
CBCP00171-T1	11	134550	1019900	1	1	0	NaN
CBCP00171-T1	11	1020800	45939000	1	1	0	NaN
CBCP00171-T1	11	45939300	65367100	1	1	0	NaN
CBCP00171-T1	11	65685213	66139100	1	1	0	NaN
CBCP00171-T1	11	66188800	67188200	4	3	1	NaN
CBCP00171-T1	11	67188606	69242297	7	6	1	NaN
CBCP00171-T1	11	71118681	75062600	1	1	0	NaN
CBCP00171-T1	11	75110600	76579067	8	7	1	NaN
CBCP00171-T1	11	76579400	81601749	5	4	1	NaN
CBCP00171-T1	11	82443417	134856611	1	1	0	NaN
CBCP00171-T1	12	68400	49054396	2	1	1	NaN
CBCP00171-T1	12	49056421	57167873	2	1	1	NaN
CBCP00171-T1	12	57175800	110232312	2	1	1	NaN
CBCP00171-T1	12	110234400	124362449	2	1	1	NaN
CBCP00171-T1	12	124363900	133811000	2	1	1	NaN
CBCP00171-T1	13	19042295	115091600	2	1	1	NaN
CBCP00171-T1	14	19110343	107283156	2	1	1	NaN
CBCP00171-T1	15	20083992	102518100	2	1	1	NaN
CBCP00171-T1	16	67062	33965800	3	2	1	NaN
CBCP00171-T1	16	33966114	70868124	1	1	0	NaN
CBCP00171-T1	16	71209455	90162465	1	1	0	NaN
CBCP00171-T1	17	6000	81188100	2	1	1	NaN
CBCP00171-T1	18	12905	78005200	2	1	1	NaN
CBCP00171-T1	19	110800	59110600	2	1	1	NaN
CBCP00171-T1	20	68300	62959100	2	1	1	NaN
CBCP00171-T1	21	9439600	48100900	2	1	1	NaN
CBCP00171-T1	22	16101400	51237410	2	1	1	NaN
CBCP00171-T1	23	2700027	154774800	2	1	1	NaN
