SampleID	Chromosome	Start_position	End_position	total_cn	A_cn	B_cn	ploidy
CBCP00002-T1	1	13380	249230910	2	1	1	NaN
CBCP00002-T1	2	14300	242192881	2	1	1	NaN
CBCP00002-T1	3	361400	197947400	2	1	1	NaN
CBCP00002-T1	4	53351	190947451	2	1	1	NaN
CBCP00002-T1	5	145000	180903000	2	1	1	NaN
CBCP00002-T1	6	140400	171046369	2	1	1	NaN
CBCP00002-T1	7	14100	159027800	2	1	1	NaN
CBCP00002-T1	8	163420	146280315	2	1	1	NaN
CBCP00002-T1	9	13100	141111400	2	1	1	NaN
CBCP00002-T1	10	93200	135506000	2	1	1	NaN
CBCP00002-T1	11	127100	134252600	2	1	1	NaN
CBCP00002-T1	12	67900	133783513	2	1	1	NaN
CBCP00002-T1	13	19038100	115092694	2	1	1	NaN
CBCP00002-T1	14	19012600	107056437	2	1	1	NaN
CBCP00002-T1	15	20084100	102517700	2	1	1	NaN
CBCP00002-T1	16	66888	90291116	2	1	1	NaN
CBCP00002-T1	17	11300	81187700	2	1	1	NaN
CBCP00002-T1	18	12700	77936100	2	1	1	NaN
CBCP00002-T1	19	110800	59110400	2	1	1	NaN
CBCP00002-T1	20	68396	62921763	2	1	1	NaN
CBCP00002-T1	21	9439500	48101300	2	1	1	NaN
CBCP00002-T1	22	16084300	51237400	2	1	1	NaN
CBCP00002-T1	23	2700202	154842500	2	1	1	NaN
