SampleID	Chromosome	Start_position	End_position	total_cn	A_cn	B_cn	ploidy
CBCP00003-T1	1	13500	249212900	2	1	1	NaN
CBCP00003-T1	2	233200	242192400	2	1	1	NaN
CBCP00003-T1	3	386400	197947400	2	1	1	NaN
CBCP00003-T1	4	53214	190947100	2	1	1	NaN
CBCP00003-T1	5	161948	180664000	2	1	1	NaN
CBCP00003-T1	6	18468300	170889175	2	1	1	NaN
CBCP00003-T1	7	31430	19185000	1	1	0	NaN
CBCP00003-T1	7	19760333	158896563	2	1	1	NaN
CBCP00003-T1	8	67475000	146279735	3	2	1	NaN
CBCP00003-T1	9	14690	32543709	1	1	0	NaN
CBCP00003-T1	9	32630900	141070190	2	1	1	NaN
CBCP00003-T1	10	93400	112045700	2	1	1	NaN
CBCP00003-T1	11	128700	78368000	2	1	1	NaN
CBCP00003-T1	11	78600900	134250256	1	1	0	NaN
CBCP00003-T1	12	68700	88471700	2	1	1	NaN
CBCP00003-T1	12	88487700	133780600	2	2	0	NaN
CBCP00003-T1	13	48562800	115089900	1	1	0	NaN
CBCP00003-T1	14	19110058	72055468	2	1	1	NaN
CBCP00003-T1	14	72128100	98392328	1	1	0	NaN
CBCP00003-T1	15	20084300	102517700	2	1	1	NaN
CBCP00003-T1	16	65600	90238400	2	1	1	NaN
CBCP00003-T1	17	63378	81051000	2	1	1	NaN
CBCP00003-T1	18	12700	77933800	2	1	1	NaN
CBCP00003-T1	19	200398	59092739	2	1	1	NaN
CBCP00003-T1	20	123318	21327100	1	1	0	NaN
CBCP00003-T1	20	21335400	62920606	2	1	1	NaN
CBCP00003-T1	21	9460044	48100711	2	1	1	NaN
CBCP00003-T1	22	16084300	51206275	2	1	1	NaN
