SampleID	Chromosome	Start_position	End_position	total_cn	A_cn	B_cn	ploidy
CBCP00031-T1	1	13116	41582600	1	1	0	NaN
CBCP00031-T1	1	41608700	50885075	2	1	1	NaN
CBCP00031-T1	1	50885300	57161800	1	1	0	NaN
CBCP00031-T1	1	61543172	74665600	1	1	0	NaN
CBCP00031-T1	1	74667100	92251800	3	2	1	NaN
CBCP00031-T1	1	92263100	196659532	2	1	1	NaN
CBCP00031-T1	1	196670398	249231200	3	2	1	NaN
CBCP00031-T1	2	14300	103380948	2	1	1	NaN
CBCP00031-T1	2	103414564	138295978	0	0	0	NaN
CBCP00031-T1	2	138321000	178985900	2	1	1	NaN
CBCP00031-T1	2	178988300	189913000	2	1	1	NaN
CBCP00031-T1	2	189914200	242193000	2	1	1	NaN
CBCP00031-T1	3	239400	197903984	1	1	0	NaN
CBCP00031-T1	4	47658	191028500	2	1	1	NaN
CBCP00031-T1	5	140500	180687800	2	1	1	NaN
CBCP00031-T1	6	106100	70952300	2	1	1	NaN
CBCP00031-T1	6	70962044	108665932	1	1	0	NaN
CBCP00031-T1	6	108668200	170949300	2	1	1	NaN
CBCP00031-T1	7	193200	55629786	2	1	1	NaN
CBCP00031-T1	7	55657900	105209700	2	1	1	NaN
CBCP00031-T1	7	105210000	159026034	2	1	1	NaN
CBCP00031-T1	8	116700	16942849	1	1	0	NaN
CBCP00031-T1	8	16944577	18080196	2	1	1	NaN
CBCP00031-T1	8	18240975	28991500	0	0	0	NaN
CBCP00031-T1	8	28991800	43054644	1	1	0	NaN
CBCP00031-T1	8	43092800	43096900	0	0	0	NaN
CBCP00031-T1	8	43126000	146279479	2	1	1	NaN
CBCP00031-T1	9	12033	141071818	2	1	1	NaN
CBCP00031-T1	10	93300	135506000	0	0	0	NaN
CBCP00031-T1	11	87000	134856626	2	1	1	NaN
CBCP00031-T1	12	68400	5022041	2	1	1	NaN
CBCP00031-T1	12	5153500	9984900	1	1	0	NaN
CBCP00031-T1	12	9986101	12037318	2	1	1	NaN
CBCP00031-T1	12	12037590	30830100	1	1	0	NaN
CBCP00031-T1	12	30833400	133811000	2	1	1	NaN
CBCP00031-T1	13	19042581	115091726	2	1	1	NaN
CBCP00031-T1	14	19000717	107283255	2	1	1	NaN
CBCP00031-T1	15	20025742	102518100	2	1	1	NaN
CBCP00031-T1	16	61730	35232600	3	2	1	NaN
CBCP00031-T1	16	35239645	90162600	1	1	0	NaN
CBCP00031-T1	17	5994	81188100	1	1	0	NaN
CBCP00031-T1	18	12900	77960800	2	1	1	NaN
CBCP00031-T1	19	107600	3985250	1	1	0	NaN
CBCP00031-T1	19	3985499	9640300	2	1	1	NaN
CBCP00031-T1	19	9641766	10738500	0	0	0	NaN
CBCP00031-T1	19	10738700	13387904	3	2	1	NaN
CBCP00031-T1	19	13394200	24310700	1	1	0	NaN
CBCP00031-T1	19	24310800	59094003	2	1	1	NaN
CBCP00031-T1	20	68400	62959300	2	1	1	NaN
CBCP00031-T1	21	9439400	48100800	2	1	1	NaN
CBCP00031-T1	22	16123300	18628675	2	1	1	NaN
CBCP00031-T1	22	18640500	20946302	2	1	1	NaN
CBCP00031-T1	22	20957100	25745622	1	1	0	NaN
CBCP00031-T1	22	25747704	29093100	2	1	1	NaN
CBCP00031-T1	22	29095800	35726280	1	1	0	NaN
CBCP00031-T1	22	35727371	38010291	2	1	1	NaN
CBCP00031-T1	22	38013100	51237364	1	1	0	NaN
CBCP00031-T1	23	2700027	154774663	2	1	1	NaN
