SampleID	Chromosome	Start_position	End_position	total_cn	A_cn	B_cn	ploidy
CBCP00032-T1	1	139700	89528873	2	1	1	NaN
CBCP00032-T1	1	89528994	120510300	2	1	1	NaN
CBCP00032-T1	1	120510700	159038352	2	1	1	NaN
CBCP00032-T1	1	159043200	169806200	4	3	1	NaN
CBCP00032-T1	1	169811499	249231200	3	2	1	NaN
CBCP00032-T1	2	41509	159028765	2	1	1	NaN
CBCP00032-T1	2	159033160	170382300	3	2	1	NaN
CBCP00032-T1	2	170386500	178082594	2	1	1	NaN
CBCP00032-T1	2	178085137	181927700	4	3	1	NaN
CBCP00032-T1	2	182170400	242193000	2	1	1	NaN
CBCP00032-T1	3	239588	93779860	2	1	1	NaN
CBCP00032-T1	3	93780200	197904000	2	1	1	NaN
CBCP00032-T1	4	502600	87115400	2	1	1	NaN
CBCP00032-T1	4	87463813	191028400	1	1	0	NaN
CBCP00032-T1	5	140474	180687800	2	1	1	NaN
CBCP00032-T1	6	152800	34725380	2	1	1	NaN
CBCP00032-T1	6	34725609	46847600	0	0	0	NaN
CBCP00032-T1	6	46849400	56482801	2	1	1	NaN
CBCP00032-T1	6	56483279	132007102	0	0	0	NaN
CBCP00032-T1	6	132014664	161551900	2	1	1	NaN
CBCP00032-T1	6	161557700	170949300	1	1	0	NaN
CBCP00032-T1	7	193222	159025800	2	1	1	NaN
CBCP00032-T1	8	116700	146279396	2	1	1	NaN
CBCP00032-T1	9	12100	141071552	2	1	1	NaN
CBCP00032-T1	10	93300	135506000	2	1	1	NaN
CBCP00032-T1	11	87000	36631785	2	1	1	NaN
CBCP00032-T1	11	36669778	48328027	0	0	0	NaN
CBCP00032-T1	11	48328331	74998700	2	1	1	NaN
CBCP00032-T1	11	75001100	78498000	6	5	1	NaN
CBCP00032-T1	11	78516600	87032287	1	1	0	NaN
CBCP00032-T1	11	93122326	94250900	1	1	0	NaN
CBCP00032-T1	11	96092300	134856707	1	1	0	NaN
CBCP00032-T1	12	92834	34831300	3	2	1	NaN
CBCP00032-T1	12	34831800	133811000	2	1	1	NaN
CBCP00032-T1	13	19042300	92346106	1	1	0	NaN
CBCP00032-T1	13	92380900	115091726	2	1	1	NaN
CBCP00032-T1	14	19000717	21511400	3	2	1	NaN
CBCP00032-T1	14	21511629	31425457	2	1	1	NaN
CBCP00032-T1	14	33291900	104408000	1	1	0	NaN
CBCP00032-T1	14	104917480	105964987	6	5	1	NaN
CBCP00032-T1	14	105995500	107283255	1	1	0	NaN
CBCP00032-T1	15	20083800	102517900	2	1	1	NaN
CBCP00032-T1	16	61671	33936000	2	1	1	NaN
CBCP00032-T1	16	33937587	90232800	1	1	0	NaN
CBCP00032-T1	17	5994	21191300	1	1	0	NaN
CBCP00032-T1	17	21194771	29645500	2	1	1	NaN
CBCP00032-T1	17	29645700	37499500	1	1	0	NaN
CBCP00032-T1	17	37557600	38279500	9	8	1	NaN
CBCP00032-T1	17	38633800	62788700	1	1	0	NaN
CBCP00032-T1	17	62796196	66432600	5	4	1	NaN
CBCP00032-T1	17	66440600	71027833	1	1	0	NaN
CBCP00032-T1	17	71426700	72815801	2	1	1	NaN
CBCP00032-T1	17	73389700	75880100	10	9	1	NaN
CBCP00032-T1	17	76045200	80678100	1	1	0	NaN
CBCP00032-T1	17	80680800	81083660	6	5	1	NaN
CBCP00032-T1	18	12916	78005200	2	1	1	NaN
CBCP00032-T1	19	107600	30101500	2	1	1	NaN
CBCP00032-T1	19	30102856	46543566	2	1	1	NaN
CBCP00032-T1	19	46543800	59110500	2	1	1	NaN
CBCP00032-T1	20	68396	62959200	2	1	1	NaN
CBCP00032-T1	21	9439400	48100900	2	1	1	NaN
CBCP00032-T1	22	16101400	51237500	2	1	1	NaN
CBCP00032-T1	23	2699968	154774707	2	1	1	NaN
