SampleID	Chromosome	Start_position	End_position	total_cn	A_cn	B_cn	ploidy
CBCP00077-T1	1	13118	121354212	2	1	1	NaN
CBCP00077-T1	1	121355000	142542976	0	0	0	NaN
CBCP00077-T1	1	142621000	152052576	2	1	1	NaN
CBCP00077-T1	1	152052939	152328800	6	3	3	NaN
CBCP00077-T1	1	152329100	249231062	2	1	1	NaN
CBCP00077-T1	2	41500	92129749	2	1	1	NaN
CBCP00077-T1	2	92269605	92325300	0	0	0	NaN
CBCP00077-T1	2	95391568	242193000	2	1	1	NaN
CBCP00077-T1	3	239245	197903900	2	1	1	NaN
CBCP00077-T1	4	53100	49052900	2	1	1	NaN
CBCP00077-T1	4	49063958	52740400	0	0	0	NaN
CBCP00077-T1	4	52744000	191003200	2	1	1	NaN
CBCP00077-T1	5	11600	180687600	2	1	1	NaN
CBCP00077-T1	6	203400	25983700	2	1	1	NaN
CBCP00077-T1	6	26017463	31548900	2	1	1	NaN
CBCP00077-T1	6	31549200	58287700	2	1	1	NaN
CBCP00077-T1	6	58776300	61914300	0	0	0	NaN
CBCP00077-T1	6	62390916	170949300	2	1	1	NaN
CBCP00077-T1	7	193222	100675128	2	1	1	NaN
CBCP00077-T1	7	100686300	159025328	2	1	1	NaN
CBCP00077-T1	8	163553	43054647	2	1	1	NaN
CBCP00077-T1	8	43092798	43097021	0	0	0	NaN
CBCP00077-T1	8	43793719	46941440	0	0	0	NaN
CBCP00077-T1	8	47610278	146279396	2	1	1	NaN
CBCP00077-T1	9	12700	139996016	2	1	1	NaN
CBCP00077-T1	10	93287	38990600	2	1	1	NaN
CBCP00077-T1	10	39079466	42600340	0	0	0	NaN
CBCP00077-T1	10	42644631	135505800	2	1	1	NaN
CBCP00077-T1	11	87200	51527347	2	1	1	NaN
CBCP00077-T1	11	51527637	55021789	0	0	0	NaN
CBCP00077-T1	11	55032300	134856661	2	1	1	NaN
CBCP00077-T1	12	68000	40869452	2	1	1	NaN
CBCP00077-T1	12	40873026	40884881	4	2	2	NaN
CBCP00077-T1	12	40888003	133811100	2	1	1	NaN
CBCP00077-T1	13	19239449	115091600	2	1	1	NaN
CBCP00077-T1	14	20404767	106436400	2	1	1	NaN
CBCP00077-T1	14	106436609	107283156	6	3	3	NaN
CBCP00077-T1	15	20083803	31175200	4	2	2	NaN
CBCP00077-T1	15	31175400	102224341	2	1	1	NaN
CBCP00077-T1	16	63000	34777800	2	1	1	NaN
CBCP00077-T1	16	34877123	46435457	0	0	0	NaN
CBCP00077-T1	16	46508200	90237872	2	1	1	NaN
CBCP00077-T1	17	5978	21906705	2	1	1	NaN
CBCP00077-T1	17	22247258	25267900	0	0	0	NaN
CBCP00077-T1	17	25279500	81188041	2	1	1	NaN
CBCP00077-T1	18	12800	15005698	2	1	1	NaN
CBCP00077-T1	18	15005785	18520278	0	0	0	NaN
CBCP00077-T1	18	18531300	78005200	2	1	1	NaN
CBCP00077-T1	19	110800	11708300	2	1	1	NaN
CBCP00077-T1	19	12639100	19822126	2	1	1	NaN
CBCP00077-T1	19	19822954	24310200	6	3	3	NaN
CBCP00077-T1	19	24310800	30018052	0	0	0	NaN
CBCP00077-T1	19	30018310	43025500	2	1	1	NaN
CBCP00077-T1	19	43857803	52400000	2	1	1	NaN
CBCP00077-T1	19	52400291	54291100	4	2	2	NaN
CBCP00077-T1	19	54291900	59094003	2	1	1	NaN
CBCP00077-T1	20	68300	62959200	2	1	1	NaN
CBCP00077-T1	21	9439600	9827400	0	0	0	NaN
CBCP00077-T1	21	9857500	48084400	2	1	1	NaN
CBCP00077-T1	22	16123300	51237500	2	1	1	NaN
CBCP00077-T1	23	2700202	58012388	2	1	1	NaN
CBCP00077-T1	23	61685300	62858100	0	0	0	NaN
CBCP00077-T1	23	62863800	154774707	2	1	1	NaN
