SampleID	Chromosome	Start_position	End_position	total_cn	A_cn	B_cn	ploidy
CBCP00070-T2	1	13000	190067400	2	1	1	NaN
CBCP00070-T2	1	190067700	249231000	3	2	1	NaN
CBCP00070-T2	2	41509	92129400	2	1	1	NaN
CBCP00070-T2	2	95391568	242192900	2	1	1	NaN
CBCP00070-T2	3	239350	197903984	2	1	1	NaN
CBCP00070-T2	4	49792	49052800	2	1	1	NaN
CBCP00070-T2	4	49165547	191033600	2	1	1	NaN
CBCP00070-T2	5	140515	180687700	2	1	1	NaN
CBCP00070-T2	6	203700	58287700	2	1	1	NaN
CBCP00070-T2	6	66205300	128294800	1	1	0	NaN
CBCP00070-T2	6	128297900	170949300	2	2	0	NaN
CBCP00070-T2	7	193254	159025800	2	1	1	NaN
CBCP00070-T2	8	116700	146279349	2	1	1	NaN
CBCP00070-T2	9	12100	141071710	2	1	1	NaN
CBCP00070-T2	10	93287	38990700	2	1	1	NaN
CBCP00070-T2	10	42644772	135505900	2	1	1	NaN
CBCP00070-T2	11	87000	134856707	2	1	1	NaN
CBCP00070-T2	12	68500	133811100	2	1	1	NaN
CBCP00070-T2	13	19043055	115091700	2	1	1	NaN
CBCP00070-T2	14	19012600	107283076	2	1	1	NaN
CBCP00070-T2	15	20083803	102416626	2	1	1	NaN
CBCP00070-T2	16	67100	34777700	2	1	1	NaN
CBCP00070-T2	16	46508300	86601513	2	1	1	NaN
CBCP00070-T2	16	86601800	90233312	1	1	0	NaN
CBCP00070-T2	17	6200	22066900	2	1	1	NaN
CBCP00070-T2	17	25290357	81187900	2	1	1	NaN
CBCP00070-T2	18	117000	15326000	2	1	1	NaN
CBCP00070-T2	18	18531300	78005200	2	1	1	NaN
CBCP00070-T2	19	107500	24345100	2	1	1	NaN
CBCP00070-T2	19	29698800	59094000	2	1	1	NaN
CBCP00070-T2	20	68400	62959200	2	1	1	NaN
CBCP00070-T2	21	9439600	48100900	2	1	1	NaN
CBCP00070-T2	22	16101400	51237500	2	1	1	NaN
CBCP00070-T2	23	2699968	154774707	2	1	1	NaN
