SampleID	Chromosome	Start_position	End_position	total_cn	A_cn	B_cn	ploidy
CBCP00008-T1	1	13100	120057540	2	1	1	NaN
CBCP00008-T1	1	120076900	149856816	1	1	0	NaN
CBCP00008-T1	1	149857100	249231100	2	1	1	NaN
CBCP00008-T1	2	14400	242192800	2	1	1	NaN
CBCP00008-T1	3	238700	197949600	2	1	1	NaN
CBCP00008-T1	4	25200	191024377	2	1	1	NaN
CBCP00008-T1	5	140795	180754000	2	1	1	NaN
CBCP00008-T1	6	140200	81084100	2	1	1	NaN
CBCP00008-T1	6	82455600	171049000	1	1	0	NaN
CBCP00008-T1	7	31000	159027800	2	1	1	NaN
CBCP00008-T1	8	152600	146280315	2	1	1	NaN
CBCP00008-T1	9	12100	141111300	2	1	1	NaN
CBCP00008-T1	10	93287	135508200	2	1	1	NaN
CBCP00008-T1	11	128800	71304774	2	1	1	NaN
CBCP00008-T1	11	71305076	71305259	0	0	0	NaN
CBCP00008-T1	11	71314418	134257700	2	1	1	NaN
CBCP00008-T1	12	67906	133783600	2	1	1	NaN
CBCP00008-T1	13	19038100	115092694	2	1	1	NaN
CBCP00008-T1	14	19109941	20483200	1	1	0	NaN
CBCP00008-T1	14	20502120	35568500	2	1	1	NaN
CBCP00008-T1	14	35576600	53226500	6	5	1	NaN
CBCP00008-T1	14	55617500	60978300	6	5	1	NaN
CBCP00008-T1	14	61069100	107056354	1	1	0	NaN
CBCP00008-T1	15	20083900	102518100	2	1	1	NaN
CBCP00008-T1	16	67100	90291115	2	1	1	NaN
CBCP00008-T1	17	6157	81187975	2	1	1	NaN
CBCP00008-T1	18	12244	77960700	2	1	1	NaN
CBCP00008-T1	19	110700	9038400	2	1	1	NaN
CBCP00008-T1	19	9045700	9091772	0	0	0	NaN
CBCP00008-T1	19	9130700	19789528	2	1	1	NaN
CBCP00008-T1	19	19790145	29456900	0	0	0	NaN
CBCP00008-T1	19	29457200	59110400	2	1	1	NaN
CBCP00008-T1	20	68400	62926200	2	1	1	NaN
CBCP00008-T1	21	9439500	48101335	2	1	1	NaN
CBCP00008-T1	22	16084300	51240900	2	1	1	NaN
CBCP00008-T1	23	2700202	154842500	2	1	1	NaN
