SampleID	Chromosome	Start_position	End_position	total_cn	A_cn	B_cn	ploidy
CBCP00259-T1	1	13200	249231062	2	1	1	NaN
CBCP00259-T1	2	41509	242192743	2	1	1	NaN
CBCP00259-T1	3	239347	197896697	2	1	1	NaN
CBCP00259-T1	4	47658	190981400	2	1	1	NaN
CBCP00259-T1	5	140500	180687700	2	1	1	NaN
CBCP00259-T1	6	152800	170893496	2	1	1	NaN
CBCP00259-T1	7	35489	159025874	2	1	1	NaN
CBCP00259-T1	8	261261	42865600	2	1	1	NaN
CBCP00259-T1	8	42873600	146279479	2	1	1	NaN
CBCP00259-T1	9	12704	141071800	2	1	1	NaN
CBCP00259-T1	10	93100	74034800	2	1	1	NaN
CBCP00259-T1	10	74094500	76971900	3	2	1	NaN
CBCP00259-T1	10	76972100	135505900	2	1	1	NaN
CBCP00259-T1	11	87000	134856661	2	1	1	NaN
CBCP00259-T1	12	68000	133811000	2	1	1	NaN
CBCP00259-T1	13	19043200	115091700	2	1	1	NaN
CBCP00259-T1	14	19110378	22321200	2	1	1	NaN
CBCP00259-T1	14	22322300	22970600	1	1	0	NaN
CBCP00259-T1	14	22971300	107283100	2	1	1	NaN
CBCP00259-T1	15	20083900	102517900	2	1	1	NaN
CBCP00259-T1	16	66888	90162500	2	1	1	NaN
CBCP00259-T1	17	6157	29528500	2	1	1	NaN
CBCP00259-T1	17	29761100	36628191	2	1	1	NaN
CBCP00259-T1	17	36633900	38230800	3	2	1	NaN
CBCP00259-T1	17	38233100	81188023	2	1	1	NaN
CBCP00259-T1	18	12916	78005200	2	1	1	NaN
CBCP00259-T1	19	110700	59110400	2	1	1	NaN
CBCP00259-T1	20	68300	62959300	2	1	1	NaN
CBCP00259-T1	21	9439600	48084300	2	1	1	NaN
CBCP00259-T1	22	16101300	51237500	2	1	1	NaN
CBCP00259-T1	23	2700027	154774707	2	1	1	NaN
