SampleID	Chromosome	Start_position	End_position	total_cn	A_cn	B_cn	ploidy
CBCP00174-T1	1	13273	144816458	2	1	1	NaN
CBCP00174-T1	1	144816724	249231062	4	3	1	NaN
CBCP00174-T1	2	41500	242192700	2	1	1	NaN
CBCP00174-T1	3	239300	197903900	2	1	1	NaN
CBCP00174-T1	4	53200	191033600	2	1	1	NaN
CBCP00174-T1	5	140474	180687800	2	1	1	NaN
CBCP00174-T1	6	152700	170949200	2	1	1	NaN
CBCP00174-T1	7	193399	159025772	2	1	1	NaN
CBCP00174-T1	8	163438	146279400	2	1	1	NaN
CBCP00174-T1	9	12900	141071710	2	1	1	NaN
CBCP00174-T1	10	93300	135505800	3	2	1	NaN
CBCP00174-T1	11	134500	134856661	2	1	1	NaN
CBCP00174-T1	12	68400	133811000	2	1	1	NaN
CBCP00174-T1	13	19043003	115091500	2	1	1	NaN
CBCP00174-T1	14	19012600	107283156	2	1	1	NaN
CBCP00174-T1	15	20025800	102518100	2	1	1	NaN
CBCP00174-T1	16	63098	35239680	3	2	1	NaN
CBCP00174-T1	16	46386600	70845200	1	1	0	NaN
CBCP00174-T1	16	71209600	90162600	1	1	0	NaN
CBCP00174-T1	17	6200	81187975	2	1	1	NaN
CBCP00174-T1	18	12900	78005200	2	1	1	NaN
CBCP00174-T1	19	110700	59110500	2	1	1	NaN
CBCP00174-T1	20	76920	62959200	2	1	1	NaN
CBCP00174-T1	21	9439400	48100800	2	1	1	NaN
CBCP00174-T1	22	16101400	51237500	2	1	1	NaN
CBCP00174-T1	23	2700100	154774800	3	2	1	NaN
