SampleID	Chromosome	Start_position	End_position	total_cn	A_cn	B_cn	ploidy
CBCP00267-T1	1	139500	15944384	1	1	0	NaN
CBCP00267-T1	1	15953149	16809900	2	2	0	NaN
CBCP00267-T1	1	16817143	17198200	3	2	1	NaN
CBCP00267-T1	1	17248500	18810600	2	2	0	NaN
CBCP00267-T1	1	18958100	33066000	1	1	0	NaN
CBCP00267-T1	1	33100428	34128700	2	2	0	NaN
CBCP00267-T1	1	34158700	39798300	1	1	0	NaN
CBCP00267-T1	1	39798500	44019400	3	2	1	NaN
CBCP00267-T1	1	44035352	150039900	2	1	1	NaN
CBCP00267-T1	1	150430000	152944682	4	3	1	NaN
CBCP00267-T1	1	152957832	160854749	3	2	1	NaN
CBCP00267-T1	1	160915019	161182075	8	6	2	NaN
CBCP00267-T1	1	161183681	249231100	3	2	1	NaN
CBCP00267-T1	2	14300	242192900	2	1	1	NaN
CBCP00267-T1	3	239400	49570882	1	1	0	NaN
CBCP00267-T1	3	49662600	50615378	2	2	0	NaN
CBCP00267-T1	3	50616313	93699200	1	1	0	NaN
CBCP00267-T1	3	93722700	132068798	2	1	1	NaN
CBCP00267-T1	3	132071600	167345000	3	2	1	NaN
CBCP00267-T1	3	172835082	197904000	3	2	1	NaN
CBCP00267-T1	4	47661	1244879	2	1	1	NaN
CBCP00267-T1	4	1283789	2172500	3	2	1	NaN
CBCP00267-T1	4	2172847	6536979	2	1	1	NaN
CBCP00267-T1	4	6577023	8983648	3	2	1	NaN
CBCP00267-T1	4	9212457	38945100	2	1	1	NaN
CBCP00267-T1	4	38972676	45611523	1	1	0	NaN
CBCP00267-T1	4	46043000	86047400	2	1	1	NaN
CBCP00267-T1	4	86491800	191003220	1	1	0	NaN
CBCP00267-T1	5	140515	52227900	2	1	1	NaN
CBCP00267-T1	5	52233300	180687700	0	0	0	NaN
CBCP00267-T1	6	152700	34951024	2	1	1	NaN
CBCP00267-T1	6	34951227	35544942	3	2	1	NaN
CBCP00267-T1	6	35548000	170949300	2	1	1	NaN
CBCP00267-T1	7	35480	28111200	2	1	1	NaN
CBCP00267-T1	7	28220031	57880209	1	1	0	NaN
CBCP00267-T1	7	57895044	99375700	2	1	1	NaN
CBCP00267-T1	7	99764672	100285095	3	2	1	NaN
CBCP00267-T1	7	100285476	128407600	2	1	1	NaN
CBCP00267-T1	7	128412806	131122700	3	2	1	NaN
CBCP00267-T1	7	131128400	159025772	2	1	1	NaN
CBCP00267-T1	8	163420	86556532	2	1	1	NaN
CBCP00267-T1	8	86567300	146279349	3	2	1	NaN
CBCP00267-T1	9	12700	7174600	3	2	1	NaN
CBCP00267-T1	9	7597973	71114238	2	1	1	NaN
CBCP00267-T1	9	71144500	123725300	1	1	0	NaN
CBCP00267-T1	9	124241369	131331200	1	1	0	NaN
CBCP00267-T1	9	131336900	135418453	2	1	1	NaN
CBCP00267-T1	9	135974079	137688300	2	1	1	NaN
CBCP00267-T1	9	137688657	139815531	1	1	0	NaN
CBCP00267-T1	9	139818277	139983451	2	2	0	NaN
CBCP00267-T1	9	139990800	141071700	1	1	0	NaN
CBCP00267-T1	10	93200	47086700	2	1	1	NaN
CBCP00267-T1	10	47966400	135505900	2	1	1	NaN
CBCP00267-T1	11	134500	58919300	0	0	0	NaN
CBCP00267-T1	11	58919700	62542100	3	2	1	NaN
CBCP00267-T1	11	63070071	134856661	3	2	1	NaN
CBCP00267-T1	12	148600	6979006	4	3	1	NaN
CBCP00267-T1	12	6979269	7342700	6	5	1	NaN
CBCP00267-T1	12	8325200	12317400	6	5	1	NaN
CBCP00267-T1	12	17553444	52467700	2	1	1	NaN
CBCP00267-T1	12	52470600	53126438	3	2	1	NaN
CBCP00267-T1	12	53126870	53471000	5	4	1	NaN
CBCP00267-T1	12	53512700	133811000	2	1	1	NaN
CBCP00267-T1	13	19043012	115091600	2	1	1	NaN
CBCP00267-T1	14	19012600	105240287	1	1	0	NaN
CBCP00267-T1	14	105241400	105716200	2	2	0	NaN
CBCP00267-T1	14	105716295	107283105	1	1	0	NaN
CBCP00267-T1	15	20083800	40258000	2	1	1	NaN
CBCP00267-T1	15	41749900	102517900	2	1	1	NaN
CBCP00267-T1	16	129277	541100	6	4	2	NaN
CBCP00267-T1	16	547300	942989	3	2	1	NaN
CBCP00267-T1	16	943361	2906100	2	1	1	NaN
CBCP00267-T1	16	2906711	3254470	5	4	1	NaN
CBCP00267-T1	16	3254972	28491213	2	1	1	NaN
CBCP00267-T1	16	28493600	32095500	3	2	1	NaN
CBCP00267-T1	16	32095747	70012000	2	1	1	NaN
CBCP00267-T1	16	70722000	90241500	2	1	1	NaN
CBCP00267-T1	17	6000	21075500	2	2	0	NaN
CBCP00267-T1	17	21081600	28549809	2	1	1	NaN
CBCP00267-T1	17	30422100	37700423	1	1	0	NaN
CBCP00267-T1	17	37934000	39633317	1	1	0	NaN
CBCP00267-T1	17	39633853	40314455	2	2	0	NaN
CBCP00267-T1	17	40315100	46986200	1	1	0	NaN
CBCP00267-T1	17	46988119	48460400	2	2	0	NaN
CBCP00267-T1	17	48460600	66364740	1	1	0	NaN
CBCP00267-T1	17	70643798	81083525	1	1	0	NaN
CBCP00267-T1	18	12905	78005200	2	1	1	NaN
CBCP00267-T1	19	110800	7006104	1	1	0	NaN
CBCP00267-T1	19	7754921	8670528	1	1	0	NaN
CBCP00267-T1	19	8807800	9090762	5	4	1	NaN
CBCP00267-T1	19	9091000	10506000	3	2	1	NaN
CBCP00267-T1	19	10506100	10887847	5	3	2	NaN
CBCP00267-T1	19	10890999	12958700	3	2	1	NaN
CBCP00267-T1	19	12962800	15722800	4	3	1	NaN
CBCP00267-T1	19	15726600	20807185	3	2	1	NaN
CBCP00267-T1	19	20807438	23041099	2	1	1	NaN
CBCP00267-T1	19	23115892	24361481	1	1	0	NaN
CBCP00267-T1	19	27732300	59110500	2	1	1	NaN
CBCP00267-T1	20	76800	62959300	2	1	1	NaN
CBCP00267-T1	21	9439500	31989900	1	1	0	NaN
CBCP00267-T1	21	31992953	36411119	2	2	0	NaN
CBCP00267-T1	21	36420000	48100900	1	1	0	NaN
CBCP00267-T1	22	16101400	29120500	1	1	0	NaN
CBCP00267-T1	22	29121019	30780400	2	1	1	NaN
CBCP00267-T1	22	30781900	36745146	1	1	0	NaN
CBCP00267-T1	22	36863900	40827300	2	2	0	NaN
CBCP00267-T1	22	40831600	50493000	1	1	0	NaN
CBCP00267-T1	22	50713800	51121900	2	2	0	NaN
CBCP00267-T1	22	51123119	51237500	1	1	0	NaN
CBCP00267-T1	23	2700194	152609600	2	1	1	NaN
CBCP00267-T1	23	152609700	154012300	3	2	1	NaN
