SampleID	Chromosome	Start_position	End_position	total_cn	A_cn	B_cn	ploidy
CBCP00082-T1	1	13118	249230849	2	1	1	NaN
CBCP00082-T1	2	41509	242192900	1	1	0	NaN
CBCP00082-T1	3	239300	197896800	2	1	1	NaN
CBCP00082-T1	4	53214	190981500	2	1	1	NaN
CBCP00082-T1	5	140532	180687700	2	1	1	NaN
CBCP00082-T1	6	203400	170949300	2	1	1	NaN
CBCP00082-T1	7	193300	92355148	2	1	1	NaN
CBCP00082-T1	7	92404100	103835600	4	3	1	NaN
CBCP00082-T1	7	103844785	124673930	1	1	0	NaN
CBCP00082-T1	7	125753600	140395900	2	1	1	NaN
CBCP00082-T1	7	140396531	152550600	1	1	0	NaN
CBCP00082-T1	7	152551400	157024038	3	2	1	NaN
CBCP00082-T1	7	157041029	159025800	1	1	0	NaN
CBCP00082-T1	8	163536	41615600	1	1	0	NaN
CBCP00082-T1	8	41655100	73157141	3	2	1	NaN
CBCP00082-T1	8	73480100	109797300	5	4	1	NaN
CBCP00082-T1	8	110099900	117950800	7	6	1	NaN
CBCP00082-T1	8	118147522	119774332	1	1	0	NaN
CBCP00082-T1	8	119936934	133816100	5	4	1	NaN
CBCP00082-T1	8	135255700	135669889	1	1	0	NaN
CBCP00082-T1	8	136533400	146279400	1	1	0	NaN
CBCP00082-T1	9	12800	32334220	2	1	1	NaN
CBCP00082-T1	9	32384709	40325600	3	2	1	NaN
CBCP00082-T1	9	40332700	93514200	2	1	1	NaN
CBCP00082-T1	9	93606400	125760863	1	1	0	NaN
CBCP00082-T1	9	127034358	131482100	4	3	1	NaN
CBCP00082-T1	9	131482383	141071700	1	1	0	NaN
CBCP00082-T1	10	93257	38990600	2	1	1	NaN
CBCP00082-T1	10	42681100	135505900	2	1	1	NaN
CBCP00082-T1	11	134550	27695800	1	1	0	NaN
CBCP00082-T1	11	28112200	47498801	4	3	1	NaN
CBCP00082-T1	11	47505119	134252600	2	1	1	NaN
CBCP00082-T1	11	134253800	134856661	1	1	0	NaN
CBCP00082-T1	12	68400	133811118	2	1	1	NaN
CBCP00082-T1	13	19043003	115091330	1	1	0	NaN
CBCP00082-T1	14	19008100	21702400	2	1	1	NaN
CBCP00082-T1	14	21769100	24739100	1	1	0	NaN
CBCP00082-T1	14	24739480	107283156	2	1	1	NaN
CBCP00082-T1	15	20083900	102518000	2	1	1	NaN
CBCP00082-T1	16	62900	48218500	2	1	1	NaN
CBCP00082-T1	16	48221137	61687700	3	2	1	NaN
CBCP00082-T1	16	64981600	90232822	1	1	0	NaN
CBCP00082-T1	17	5978	81188041	1	1	0	NaN
CBCP00082-T1	18	13000	78005300	2	1	1	NaN
CBCP00082-T1	19	107600	2643600	1	1	0	NaN
CBCP00082-T1	19	2643700	59093700	2	1	1	NaN
CBCP00082-T1	20	76700	33657227	2	1	1	NaN
CBCP00082-T1	20	33680658	36959566	1	1	0	NaN
CBCP00082-T1	20	36962900	62959200	2	1	1	NaN
CBCP00082-T1	21	9439500	48100900	2	1	1	NaN
CBCP00082-T1	22	16123400	51237400	2	1	1	NaN
CBCP00082-T1	23	2700100	27999500	2	1	1	NaN
CBCP00082-T1	23	27999557	48690800	1	1	0	NaN
CBCP00082-T1	23	48751283	51487300	2	1	1	NaN
CBCP00082-T1	23	51487641	57620760	1	1	0	NaN
CBCP00082-T1	23	57620900	75004766	2	1	1	NaN
CBCP00082-T1	23	75392900	80064000	1	1	0	NaN
CBCP00082-T1	23	80064700	154754142	2	1	1	NaN
