SampleID	Chromosome	Start_position	End_position	total_cn	A_cn	B_cn	ploidy
CBCP00269-T1	1	13116	1310100	2	1	1	NaN
CBCP00269-T1	1	1322736	2144982	1	1	0	NaN
CBCP00269-T1	1	2160390	143378900	2	1	1	NaN
CBCP00269-T1	1	143391600	249231200	3	2	1	NaN
CBCP00269-T1	2	41500	242192800	2	1	1	NaN
CBCP00269-T1	3	239347	197904000	2	1	1	NaN
CBCP00269-T1	4	47664	191033600	2	1	1	NaN
CBCP00269-T1	5	140600	180687800	2	1	1	NaN
CBCP00269-T1	6	152800	12933969	1	1	0	NaN
CBCP00269-T1	6	12934100	66804827	2	1	1	NaN
CBCP00269-T1	6	68599000	168314900	1	1	0	NaN
CBCP00269-T1	6	168315436	168711170	0	0	0	NaN
CBCP00269-T1	6	168711900	170949200	1	1	0	NaN
CBCP00269-T1	7	193254	51288200	5	3	2	NaN
CBCP00269-T1	7	51384381	159025328	2	1	1	NaN
CBCP00269-T1	8	163461	146279396	2	1	1	NaN
CBCP00269-T1	9	12700	141071700	2	1	1	NaN
CBCP00269-T1	10	93287	43088100	2	1	1	NaN
CBCP00269-T1	10	43088400	135500760	1	1	0	NaN
CBCP00269-T1	11	87150	65960910	2	1	1	NaN
CBCP00269-T1	11	65977800	66250015	3	2	1	NaN
CBCP00269-T1	11	66252700	71694006	2	1	1	NaN
CBCP00269-T1	11	71701600	134856737	1	1	0	NaN
CBCP00269-T1	12	68326	22998600	1	1	0	NaN
CBCP00269-T1	12	23686100	133811100	2	1	1	NaN
CBCP00269-T1	13	19043074	115091500	2	1	1	NaN
CBCP00269-T1	14	19110415	107283076	2	1	1	NaN
CBCP00269-T1	15	20362900	65041700	2	1	1	NaN
CBCP00269-T1	15	65042600	79168900	1	1	0	NaN
CBCP00269-T1	15	79170600	102518000	3	2	1	NaN
CBCP00269-T1	16	63098	79633700	2	1	1	NaN
CBCP00269-T1	16	79998000	90162465	1	1	0	NaN
CBCP00269-T1	17	6157	40912600	1	1	0	NaN
CBCP00269-T1	17	40912900	81188100	1	1	0	NaN
CBCP00269-T1	18	12863	44906900	2	1	1	NaN
CBCP00269-T1	18	45101137	78005200	1	1	0	NaN
CBCP00269-T1	19	107500	30936600	2	1	1	NaN
CBCP00269-T1	19	31025747	59110400	3	2	1	NaN
CBCP00269-T1	20	68396	62959200	2	1	1	NaN
CBCP00269-T1	21	9439500	48100900	2	1	1	NaN
CBCP00269-T1	22	16101400	16414455	1	1	0	NaN
CBCP00269-T1	22	16448900	43460324	1	1	0	NaN
CBCP00269-T1	22	43464500	51237500	2	2	0	NaN
CBCP00269-T1	23	2700202	119971900	2	1	1	NaN
CBCP00269-T1	23	120007800	154774707	3	2	1	NaN
