SampleID	Chromosome	Start_position	End_position	total_cn	A_cn	B_cn	ploidy
CBCP00047-T1	1	13500	6204161	2	1	1	NaN
CBCP00047-T1	1	6204300	150256000	2	2	0	NaN
CBCP00047-T1	1	150256300	249231100	2	1	1	NaN
CBCP00047-T1	2	41500	189342600	2	1	1	NaN
CBCP00047-T1	2	189387500	241659200	2	1	1	NaN
CBCP00047-T1	2	241661192	242192881	2	1	1	NaN
CBCP00047-T1	3	239588	197847570	2	1	1	NaN
CBCP00047-T1	4	47661	190981500	2	1	1	NaN
CBCP00047-T1	5	140474	180687700	2	1	1	NaN
CBCP00047-T1	6	106200	96974400	2	1	1	NaN
CBCP00047-T1	6	96984100	170072341	1	1	0	NaN
CBCP00047-T1	7	193254	51460408	3	2	1	NaN
CBCP00047-T1	7	53103437	54617600	1	1	0	NaN
CBCP00047-T1	7	54617881	150825700	2	1	1	NaN
CBCP00047-T1	7	150831500	159025772	1	1	0	NaN
CBCP00047-T1	8	116700	43052100	1	1	0	NaN
CBCP00047-T1	8	43052800	146279349	2	1	1	NaN
CBCP00047-T1	9	12033	40784100	2	1	1	NaN
CBCP00047-T1	9	40784563	141071700	2	2	0	NaN
CBCP00047-T1	10	93100	135505900	2	1	1	NaN
CBCP00047-T1	11	134550	134856626	2	1	1	NaN
CBCP00047-T1	12	1967853	18891600	2	1	1	NaN
CBCP00047-T1	12	18891881	24103700	3	2	1	NaN
CBCP00047-T1	12	27869349	31652630	5	4	1	NaN
CBCP00047-T1	12	31814900	133810900	2	1	1	NaN
CBCP00047-T1	13	19043003	115091700	2	1	1	NaN
CBCP00047-T1	14	19012600	100406193	2	1	1	NaN
CBCP00047-T1	14	100406500	107283156	3	2	1	NaN
CBCP00047-T1	15	20083900	102517700	2	1	1	NaN
CBCP00047-T1	16	62965	90232800	2	1	1	NaN
CBCP00047-T1	17	1326900	75488674	2	1	1	NaN
CBCP00047-T1	17	75489015	81188028	3	3	0	NaN
CBCP00047-T1	18	12916	78005200	2	1	1	NaN
CBCP00047-T1	19	110700	59110400	2	1	1	NaN
CBCP00047-T1	20	68400	62904900	2	1	1	NaN
CBCP00047-T1	21	9439500	48084340	2	1	1	NaN
CBCP00047-T1	22	16123300	51237500	2	1	1	NaN
CBCP00047-T1	23	2700089	154774800	2	1	1	NaN
