SampleID	Chromosome	Start_position	End_position	total_cn	A_cn	B_cn	ploidy
CBCP00116-T1	1	13445	57602311	2	1	1	NaN
CBCP00116-T1	1	57611100	121139150	2	1	1	NaN
CBCP00116-T1	1	142542800	156785617	1	1	0	NaN
CBCP00116-T1	1	156785771	249212600	2	1	1	NaN
CBCP00116-T1	2	45521	89544446	2	1	1	NaN
CBCP00116-T1	2	89890698	242192800	2	1	1	NaN
CBCP00116-T1	3	239300	90492400	2	1	1	NaN
CBCP00116-T1	3	93595900	134278100	1	1	0	NaN
CBCP00116-T1	3	134280300	197903900	2	1	1	NaN
CBCP00116-T1	4	53430	49034700	2	1	1	NaN
CBCP00116-T1	4	52709400	191003220	2	1	1	NaN
CBCP00116-T1	5	140700	180687800	2	1	1	NaN
CBCP00116-T1	6	203619	25969600	2	1	1	NaN
CBCP00116-T1	6	25972100	33405500	1	1	0	NaN
CBCP00116-T1	6	33405600	71760900	2	1	1	NaN
CBCP00116-T1	6	71998778	170893407	1	1	0	NaN
CBCP00116-T1	7	193300	159025800	2	1	1	NaN
CBCP00116-T1	8	116700	133048700	2	1	1	NaN
CBCP00116-T1	8	133049762	146279400	4	3	1	NaN
CBCP00116-T1	9	12800	141071710	2	1	1	NaN
CBCP00116-T1	10	93100	38737500	2	1	1	NaN
CBCP00116-T1	10	42681036	135505900	2	1	1	NaN
CBCP00116-T1	11	134550	134856626	2	1	1	NaN
CBCP00116-T1	12	86600	6174414	2	1	1	NaN
CBCP00116-T1	12	6180600	109220000	2	1	1	NaN
CBCP00116-T1	12	109221013	133811000	2	1	1	NaN
CBCP00116-T1	13	19239460	115091330	2	1	1	NaN
CBCP00116-T1	14	19010559	107283105	2	1	1	NaN
CBCP00116-T1	15	20083900	102517900	2	1	1	NaN
CBCP00116-T1	16	67100	33816300	2	1	1	NaN
CBCP00116-T1	16	50109478	90142087	1	1	0	NaN
CBCP00116-T1	17	5978	11984900	1	1	0	NaN
CBCP00116-T1	17	11985300	17707105	2	2	0	NaN
CBCP00116-T1	17	17707410	17769700	1	1	0	NaN
CBCP00116-T1	17	17770200	81187975	2	1	1	NaN
CBCP00116-T1	18	12900	78005200	2	1	1	NaN
CBCP00116-T1	19	156800	24309763	2	1	1	NaN
CBCP00116-T1	19	29698600	59093700	2	1	1	NaN
CBCP00116-T1	20	76915	62959300	2	1	1	NaN
CBCP00116-T1	21	9439400	48084340	2	1	1	NaN
CBCP00116-T1	22	16123200	51237364	2	1	1	NaN
CBCP00116-T1	23	2700202	154774800	2	1	1	NaN
