SampleID	Chromosome	Start_position	End_position	total_cn	A_cn	B_cn	ploidy
CBCP00026-T1	1	139700	42506700	2	1	1	NaN
CBCP00026-T1	1	42507013	121298301	2	1	1	NaN
CBCP00026-T1	1	121298792	144822100	1	1	0	NaN
CBCP00026-T1	1	144823000	249231062	2	1	1	NaN
CBCP00026-T1	2	14188	233400	1	1	0	NaN
CBCP00026-T1	2	234130	211471500	2	1	1	NaN
CBCP00026-T1	2	211473301	242193000	2	1	1	NaN
CBCP00026-T1	3	239350	31705604	2	1	1	NaN
CBCP00026-T1	3	31705696	93597900	2	1	1	NaN
CBCP00026-T1	3	93598157	111319800	2	1	1	NaN
CBCP00026-T1	3	111325500	126227400	2	1	1	NaN
CBCP00026-T1	3	126228300	197765665	3	2	1	NaN
CBCP00026-T1	4	85800	48834732	2	1	1	NaN
CBCP00026-T1	4	48834896	191033700	2	1	1	NaN
CBCP00026-T1	5	140474	180687900	2	1	1	NaN
CBCP00026-T1	6	105900	170949300	2	1	1	NaN
CBCP00026-T1	7	31430	159072722	2	1	1	NaN
CBCP00026-T1	8	116600	32620699	2	1	1	NaN
CBCP00026-T1	8	32621200	146279479	2	1	1	NaN
CBCP00026-T1	9	12100	141124297	2	1	1	NaN
CBCP00026-T1	10	93100	54531499	2	1	1	NaN
CBCP00026-T1	10	55087675	79163900	2	1	1	NaN
CBCP00026-T1	10	79396100	135508172	2	1	1	NaN
CBCP00026-T1	11	86900	134856792	2	1	1	NaN
CBCP00026-T1	12	68326	133811100	2	1	1	NaN
CBCP00026-T1	13	19042295	115091700	2	1	1	NaN
CBCP00026-T1	14	19000720	57088400	2	1	1	NaN
CBCP00026-T1	14	57088506	77235791	2	1	1	NaN
CBCP00026-T1	14	77236176	107283255	2	1	1	NaN
CBCP00026-T1	15	20006662	102518100	2	1	1	NaN
CBCP00026-T1	16	61730	7715179	2	1	1	NaN
CBCP00026-T1	16	11076800	20811800	2	1	1	NaN
CBCP00026-T1	16	20812600	29891200	2	1	1	NaN
CBCP00026-T1	16	29891400	32894100	2	1	1	NaN
CBCP00026-T1	16	32896606	35142746	2	1	1	NaN
CBCP00026-T1	16	35229209	46500077	0	0	0	NaN
CBCP00026-T1	16	46508200	87799600	2	1	1	NaN
CBCP00026-T1	16	87866441	89702500	3	2	1	NaN
CBCP00026-T1	16	89702700	90241500	2	1	1	NaN
CBCP00026-T1	17	5953	36405296	2	1	1	NaN
CBCP00026-T1	17	36412900	39785100	3	2	1	NaN
CBCP00026-T1	17	39785400	62463600	2	1	1	NaN
CBCP00026-T1	17	62464400	65773300	3	2	1	NaN
CBCP00026-T1	17	65781000	81188100	2	1	1	NaN
CBCP00026-T1	18	12900	78005300	2	1	1	NaN
CBCP00026-T1	19	107600	59110682	2	1	1	NaN
CBCP00026-T1	20	68264	62959100	2	1	1	NaN
CBCP00026-T1	21	9439400	14410766	0	0	0	NaN
CBCP00026-T1	21	14414959	48100800	2	1	1	NaN
CBCP00026-T1	22	16101400	51237410	2	1	1	NaN
CBCP00026-T1	23	2700027	154774707	2	1	1	NaN
