SampleID	Chromosome	Start_position	End_position	total_cn	A_cn	B_cn	ploidy
CBCP00256-T1	1	13100	190067500	2	1	1	NaN
CBCP00256-T1	1	190067900	249231062	4	3	1	NaN
CBCP00256-T1	2	14300	242193000	2	1	1	NaN
CBCP00256-T1	3	239347	197903984	2	1	1	NaN
CBCP00256-T1	4	47661	191033600	2	1	1	NaN
CBCP00256-T1	5	140636	24491686	5	4	1	NaN
CBCP00256-T1	5	24493000	180687600	3	2	1	NaN
CBCP00256-T1	6	152700	146056464	2	1	1	NaN
CBCP00256-T1	6	146121400	170949300	3	2	1	NaN
CBCP00256-T1	7	193400	159025800	2	1	1	NaN
CBCP00256-T1	8	116700	146279400	2	1	1	NaN
CBCP00256-T1	9	12000	141071600	2	1	1	NaN
CBCP00256-T1	10	93200	135506000	2	1	1	NaN
CBCP00256-T1	11	87000	82984800	2	1	1	NaN
CBCP00256-T1	11	82985092	134856661	1	1	0	NaN
CBCP00256-T1	12	68400	44537500	2	1	1	NaN
CBCP00256-T1	12	44605200	133795517	3	2	1	NaN
CBCP00256-T1	13	19042503	39743900	2	1	1	NaN
CBCP00256-T1	13	39918141	115091600	1	1	0	NaN
CBCP00256-T1	14	19719946	23902753	2	1	1	NaN
CBCP00256-T1	14	23938813	76967088	2	2	0	NaN
CBCP00256-T1	14	77101336	107210900	3	3	0	NaN
CBCP00256-T1	15	20083900	89455500	2	1	1	NaN
CBCP00256-T1	15	89456500	95399200	4	3	1	NaN
CBCP00256-T1	15	96831300	102518000	1	1	0	NaN
CBCP00256-T1	16	67000	10032400	3	2	1	NaN
CBCP00256-T1	16	10032599	90237900	2	1	1	NaN
CBCP00256-T1	17	6200	81188100	2	1	1	NaN
CBCP00256-T1	18	13000	74980601	2	1	1	NaN
CBCP00256-T1	18	74980800	78005300	1	1	0	NaN
CBCP00256-T1	19	110700	59110400	2	1	1	NaN
CBCP00256-T1	20	68396	49748000	2	1	1	NaN
CBCP00256-T1	20	50007822	62959131	5	4	1	NaN
CBCP00256-T1	21	9439300	48100900	2	1	1	NaN
CBCP00256-T1	22	16101400	51237500	2	1	1	NaN
CBCP00256-T1	23	2700202	147924900	2	1	1	NaN
CBCP00256-T1	23	147967544	154774800	3	2	1	NaN
